0.000000e+00 1.387571e+12 
1.000000e+00 1.460017e+12 
2.000000e+00 1.463897e+12 
3.000000e+00 1.439691e+12 
4.000000e+00 1.474891e+12 
5.000000e+00 1.459707e+12 
6.000000e+00 1.520277e+12 
7.000000e+00 1.592200e+12 
8.000000e+00 1.629001e+12 
9.000000e+00 1.662860e+12 
1.000000e+01 1.688568e+12 
1.100000e+01 1.725895e+12 
1.200000e+01 1.730740e+12 
1.300000e+01 1.723493e+12 
1.400000e+01 1.723292e+12 
1.500000e+01 1.742463e+12 
1.600000e+01 1.736238e+12 
1.700000e+01 1.759729e+12 
1.800000e+01 1.776332e+12 
1.900000e+01 1.850135e+12 
2.000000e+01 1.804055e+12 
2.100000e+01 1.752339e+12 
2.200000e+01 1.722685e+12 
2.300000e+01 1.772989e+12 
2.400000e+01 1.775690e+12 
2.500000e+01 1.740184e+12 
2.600000e+01 1.738946e+12 
2.700000e+01 1.784074e+12 
2.800000e+01 1.849171e+12 
2.900000e+01 1.883356e+12 
3.000000e+01 1.900037e+12 
3.100000e+01 1.924260e+12 
3.200000e+01 1.949748e+12 
3.300000e+01 1.968228e+12 
3.400000e+01 1.956108e+12 
3.500000e+01 1.979912e+12 
3.600000e+01 1.967772e+12 
3.700000e+01 2.036510e+12 
3.800000e+01 2.030213e+12 
3.900000e+01 2.081878e+12 
4.000000e+01 2.028058e+12 
4.100000e+01 2.084372e+12 
4.200000e+01 2.039895e+12 
4.300000e+01 2.078444e+12 
4.400000e+01 2.121862e+12 
4.500000e+01 2.169843e+12 
4.600000e+01 2.145955e+12 
4.700000e+01 2.136014e+12 
4.800000e+01 2.160728e+12 
4.900000e+01 2.167737e+12 
5.000000e+01 2.148847e+12 
5.100000e+01 2.116729e+12 
5.200000e+01 2.103335e+12 
5.300000e+01 2.098478e+12 
5.400000e+01 2.205009e+12 
5.500000e+01 2.236113e+12 
5.600000e+01 2.177222e+12 
5.700000e+01 2.183206e+12 
5.800000e+01 2.124346e+12 
5.900000e+01 2.118360e+12 
6.000000e+01 2.126526e+12 
6.100000e+01 2.199442e+12 
6.200000e+01 2.130015e+12 
6.300000e+01 2.112376e+12 
6.400000e+01 2.161498e+12 
6.500000e+01 2.148025e+12 
6.600000e+01 2.201252e+12 
6.700000e+01 2.224467e+12 
6.800000e+01 2.235855e+12 
6.900000e+01 2.234151e+12 
7.000000e+01 2.192679e+12 
7.100000e+01 2.223751e+12 
7.200000e+01 2.251873e+12 
7.300000e+01 2.277847e+12 
7.400000e+01 2.246473e+12 
7.500000e+01 2.318576e+12 
7.600000e+01 2.278608e+12 
7.700000e+01 2.313302e+12 
7.800000e+01 2.386271e+12 
7.900000e+01 2.364133e+12 
8.000000e+01 2.385800e+12 
8.100000e+01 2.380640e+12 
8.200000e+01 2.361675e+12 
8.300000e+01 2.349144e+12 
8.400000e+01 2.381462e+12 
8.500000e+01 2.409647e+12 
8.600000e+01 2.349813e+12 
8.700000e+01 2.305701e+12 
8.800000e+01 2.375167e+12 
8.900000e+01 2.476012e+12 
9.000000e+01 2.490487e+12 
9.100000e+01 2.461018e+12 
9.200000e+01 2.461596e+12 
9.300000e+01 2.483249e+12 
9.400000e+01 2.485101e+12 
9.500000e+01 2.481591e+12 
9.600000e+01 2.484379e+12 
9.700000e+01 2.524552e+12 
9.800000e+01 2.560090e+12 
9.900000e+01 2.521324e+12 
1.000000e+02 2.570649e+12 
1.010000e+02 2.505894e+12 
1.020000e+02 2.497484e+12 
1.030000e+02 2.536591e+12 
1.040000e+02 2.537676e+12 
1.050000e+02 2.575642e+12 
1.060000e+02 2.564815e+12 
1.070000e+02 2.562152e+12 
1.080000e+02 2.613014e+12 
1.090000e+02 2.663230e+12 
1.100000e+02 2.723536e+12 
1.110000e+02 2.763878e+12 
1.120000e+02 2.684698e+12 
1.130000e+02 2.656189e+12 
1.140000e+02 2.656260e+12 
1.150000e+02 2.675789e+12 
1.160000e+02 2.660260e+12 
1.170000e+02 2.684126e+12 
1.180000e+02 2.654783e+12 
1.190000e+02 2.724657e+12 
1.200000e+02 2.709451e+12 
1.210000e+02 2.755305e+12 
1.220000e+02 2.763908e+12 
1.230000e+02 2.721154e+12 
1.240000e+02 2.833614e+12 
1.250000e+02 2.778580e+12 
1.260000e+02 2.776152e+12 
1.270000e+02 2.704716e+12 
1.280000e+02 2.725115e+12 
1.290000e+02 2.774405e+12 
1.300000e+02 2.811192e+12 
1.310000e+02 2.787278e+12 
1.320000e+02 2.779352e+12 
1.330000e+02 2.780675e+12 
1.340000e+02 2.848099e+12 
1.350000e+02 2.883294e+12 
1.360000e+02 2.920490e+12 
1.370000e+02 2.791424e+12 
1.380000e+02 2.806456e+12 
1.390000e+02 2.883283e+12 
1.400000e+02 2.943635e+12 
1.410000e+02 2.940120e+12 
1.420000e+02 2.825080e+12 
1.430000e+02 2.876885e+12 
1.440000e+02 3.009546e+12 
1.450000e+02 2.988834e+12 
1.460000e+02 3.020658e+12 
1.470000e+02 3.012173e+12 
1.480000e+02 2.881362e+12 
1.490000e+02 2.864144e+12 
1.500000e+02 2.911683e+12 
1.510000e+02 2.968120e+12 
1.520000e+02 2.989956e+12 
1.530000e+02 2.943907e+12 
1.540000e+02 2.895344e+12 
1.550000e+02 2.859283e+12 
1.560000e+02 2.911578e+12 
1.570000e+02 2.952587e+12 
1.580000e+02 2.968083e+12 
1.590000e+02 3.027908e+12 
1.600000e+02 3.041496e+12 
1.610000e+02 3.010025e+12 
1.620000e+02 3.006278e+12 
1.630000e+02 3.002145e+12 
1.640000e+02 2.948609e+12 
1.650000e+02 2.893126e+12 
1.660000e+02 2.885237e+12 
1.670000e+02 2.970281e+12 
1.680000e+02 2.890204e+12 
1.690000e+02 2.862003e+12 
1.700000e+02 2.931896e+12 
1.710000e+02 3.073887e+12 
1.720000e+02 3.010827e+12 
1.730000e+02 2.946600e+12 
1.740000e+02 3.014182e+12 
1.750000e+02 3.153950e+12 
1.760000e+02 2.986628e+12 
1.770000e+02 2.979983e+12 
1.780000e+02 2.991283e+12 
1.790000e+02 2.973745e+12 
1.800000e+02 2.945192e+12 
1.810000e+02 2.967489e+12 
1.820000e+02 2.937225e+12 
1.830000e+02 3.048899e+12 
1.840000e+02 2.851999e+12 
1.850000e+02 2.920066e+12 
1.860000e+02 2.959216e+12 
1.870000e+02 2.820289e+12 
1.880000e+02 2.848982e+12 
1.890000e+02 2.919543e+12 
1.900000e+02 2.954512e+12 
1.910000e+02 2.820926e+12 
1.920000e+02 2.954690e+12 
1.930000e+02 2.963692e+12 
1.940000e+02 3.067979e+12 
1.950000e+02 2.995082e+12 
1.960000e+02 2.793194e+12 
1.970000e+02 2.989186e+12 
1.980000e+02 3.041646e+12 
1.990000e+02 2.958915e+12 
2.000000e+02 3.089569e+12 
2.010000e+02 3.024315e+12 
2.020000e+02 2.933164e+12 
2.030000e+02 2.914062e+12 
2.040000e+02 2.907509e+12 
2.050000e+02 2.921346e+12 
2.060000e+02 2.807387e+12 
2.070000e+02 2.866185e+12 
2.080000e+02 2.960953e+12 
2.090000e+02 2.784319e+12 
2.100000e+02 2.842501e+12 
2.110000e+02 3.007082e+12 
2.120000e+02 3.135116e+12 
2.130000e+02 3.061400e+12 
2.140000e+02 2.998845e+12 
2.150000e+02 2.947180e+12 
2.160000e+02 2.885443e+12 
2.170000e+02 2.987942e+12 
2.180000e+02 2.922179e+12 
2.190000e+02 3.023078e+12 
2.200000e+02 2.917772e+12 
2.210000e+02 2.870593e+12 
2.220000e+02 2.936840e+12 
2.230000e+02 3.030787e+12 
2.240000e+02 3.084558e+12 
2.250000e+02 2.983737e+12 
2.260000e+02 3.031315e+12 
2.270000e+02 2.920449e+12 
2.280000e+02 2.819036e+12 
2.290000e+02 2.851759e+12 
2.300000e+02 3.018111e+12 
2.310000e+02 3.094797e+12 
2.320000e+02 3.144957e+12 
2.330000e+02 3.079564e+12 
2.340000e+02 2.899380e+12 
2.350000e+02 3.028243e+12 
2.360000e+02 3.050264e+12 
2.370000e+02 2.994417e+12 
2.380000e+02 2.928013e+12 
2.390000e+02 3.029502e+12 
2.400000e+02 3.128586e+12 
2.410000e+02 3.049481e+12 
2.420000e+02 3.073326e+12 
2.430000e+02 3.152651e+12 
2.440000e+02 3.098435e+12 
2.450000e+02 3.029830e+12 
2.460000e+02 3.027372e+12 
2.470000e+02 3.147337e+12 
2.480000e+02 3.153842e+12 
2.490000e+02 3.229526e+12 
2.500000e+02 3.203944e+12 
2.510000e+02 3.143015e+12 
2.520000e+02 3.098808e+12 
2.530000e+02 3.217700e+12 
2.540000e+02 3.180810e+12 
2.550000e+02 3.183320e+12 
2.560000e+02 3.189019e+12 
2.570000e+02 3.210765e+12 
2.580000e+02 3.096640e+12 
2.590000e+02 3.105654e+12 
2.600000e+02 3.157378e+12 
2.610000e+02 3.028513e+12 
2.620000e+02 3.052429e+12 
2.630000e+02 3.003158e+12 
2.640000e+02 3.019286e+12 
2.650000e+02 3.130059e+12 
2.660000e+02 3.196757e+12 
2.670000e+02 3.233393e+12 
2.680000e+02 3.306713e+12 
2.690000e+02 3.172697e+12 
2.700000e+02 3.163816e+12 
2.710000e+02 3.167792e+12 
2.720000e+02 3.119915e+12 
2.730000e+02 3.170032e+12 
2.740000e+02 3.222703e+12 
2.750000e+02 3.163044e+12 
2.760000e+02 3.178021e+12 
2.770000e+02 3.211807e+12 
2.780000e+02 3.247134e+12 
2.790000e+02 3.256083e+12 
2.800000e+02 3.135105e+12 
2.810000e+02 3.088292e+12 
2.820000e+02 3.162243e+12 
2.830000e+02 3.107344e+12 
2.840000e+02 3.138445e+12 
2.850000e+02 3.213297e+12 
2.860000e+02 3.172098e+12 
2.870000e+02 3.311864e+12 
2.880000e+02 3.185220e+12 
2.890000e+02 3.220935e+12 
2.900000e+02 3.277126e+12 
2.910000e+02 3.174019e+12 
2.920000e+02 3.150871e+12 
2.930000e+02 3.189717e+12 
2.940000e+02 3.150678e+12 
2.950000e+02 3.138583e+12 
2.960000e+02 3.258712e+12 
2.970000e+02 3.288091e+12 
2.980000e+02 3.351914e+12 
2.990000e+02 3.302061e+12 
3.000000e+02 3.274110e+12 
3.010000e+02 3.155183e+12 
3.020000e+02 3.267205e+12 
3.030000e+02 3.204560e+12 
3.040000e+02 3.083068e+12 
3.050000e+02 3.098756e+12 
3.060000e+02 3.107598e+12 
3.070000e+02 3.231874e+12 
3.080000e+02 3.323273e+12 
3.090000e+02 3.283076e+12 
3.100000e+02 3.231412e+12 
3.110000e+02 3.114102e+12 
3.120000e+02 3.178327e+12 
3.130000e+02 3.140027e+12 
3.140000e+02 3.152671e+12 
3.150000e+02 3.224351e+12 
3.160000e+02 3.148504e+12 
3.170000e+02 3.032660e+12 
3.180000e+02 2.956290e+12 
3.190000e+02 2.896034e+12 
3.200000e+02 2.925902e+12 
3.210000e+02 2.968061e+12 
3.220000e+02 2.886494e+12 
3.230000e+02 2.942968e+12 
3.240000e+02 3.029573e+12 
3.250000e+02 3.077309e+12 
3.260000e+02 3.056141e+12 
3.270000e+02 3.085935e+12 
3.280000e+02 2.967904e+12 
3.290000e+02 2.912286e+12 
3.300000e+02 3.003207e+12 
3.310000e+02 3.085505e+12 
3.320000e+02 3.047440e+12 
3.330000e+02 3.046854e+12 
3.340000e+02 3.071133e+12 
3.350000e+02 3.032738e+12 
3.360000e+02 2.933810e+12 
3.370000e+02 2.846608e+12 
3.380000e+02 2.827147e+12 
3.390000e+02 2.870535e+12 
3.400000e+02 2.874840e+12 
3.410000e+02 2.836066e+12 
3.420000e+02 2.812950e+12 
3.430000e+02 2.847779e+12 
3.440000e+02 2.839771e+12 
3.450000e+02 2.762588e+12 
3.460000e+02 2.810668e+12 
3.470000e+02 2.844742e+12 
3.480000e+02 2.806597e+12 
3.490000e+02 2.789007e+12 
3.500000e+02 2.882734e+12 
3.510000e+02 2.886434e+12 
3.520000e+02 2.903784e+12 
3.530000e+02 2.816008e+12 
3.540000e+02 2.726260e+12 
3.550000e+02 2.698359e+12 
3.560000e+02 2.743574e+12 
3.570000e+02 2.727285e+12 
3.580000e+02 2.774243e+12 
3.590000e+02 2.795661e+12 
3.600000e+02 2.708955e+12 
3.610000e+02 2.710802e+12 
3.620000e+02 2.676596e+12 
3.630000e+02 2.554351e+12 
3.640000e+02 2.622503e+12 
3.650000e+02 2.602267e+12 
3.660000e+02 2.576686e+12 
3.670000e+02 2.588652e+12 
3.680000e+02 2.610656e+12 
3.690000e+02 2.664230e+12 
3.700000e+02 2.637536e+12 
3.710000e+02 2.538349e+12 
3.720000e+02 2.516487e+12 
3.730000e+02 2.480589e+12 
3.740000e+02 2.512787e+12 
3.750000e+02 2.478195e+12 
3.760000e+02 2.459751e+12 
3.770000e+02 2.415153e+12 
3.780000e+02 2.474402e+12 
3.790000e+02 2.519223e+12 
3.800000e+02 2.545855e+12 
3.810000e+02 2.530614e+12 
3.820000e+02 2.551773e+12 
3.830000e+02 2.536613e+12 
3.840000e+02 2.507148e+12 
3.850000e+02 2.482041e+12 
3.860000e+02 2.462746e+12 
3.870000e+02 2.474359e+12 
3.880000e+02 2.491626e+12 
3.890000e+02 2.438022e+12 
3.900000e+02 2.399068e+12 
3.910000e+02 2.444426e+12 
3.920000e+02 2.387845e+12 
3.930000e+02 2.412203e+12 
3.940000e+02 2.362082e+12 
3.950000e+02 2.375073e+12 
3.960000e+02 2.373562e+12 
3.970000e+02 2.294854e+12 
3.980000e+02 2.209564e+12 
3.990000e+02 2.242102e+12 
4.000000e+02 2.204405e+12 
4.010000e+02 2.214042e+12 
4.020000e+02 2.185787e+12 
4.030000e+02 2.113509e+12 
4.040000e+02 2.208385e+12 
4.050000e+02 2.255757e+12 
4.060000e+02 2.173767e+12 
4.070000e+02 2.139246e+12 
4.080000e+02 2.189104e+12 
4.090000e+02 2.150056e+12 
4.100000e+02 2.076185e+12 
4.110000e+02 2.046004e+12 
4.120000e+02 1.997742e+12 
4.130000e+02 1.962095e+12 
4.140000e+02 1.962379e+12 
4.150000e+02 1.945789e+12 
4.160000e+02 1.906835e+12 
4.170000e+02 1.904091e+12 
4.180000e+02 1.842699e+12 
4.190000e+02 1.777630e+12 
