0.000000e+00 2.452266e+11 
1.000000e+00 2.470837e+11 
2.000000e+00 2.488875e+11 
3.000000e+00 2.503701e+11 
4.000000e+00 2.512526e+11 
5.000000e+00 2.524355e+11 
6.000000e+00 2.529384e+11 
7.000000e+00 2.542415e+11 
8.000000e+00 2.551855e+11 
9.000000e+00 2.562381e+11 
1.000000e+01 2.568594e+11 
1.100000e+01 2.574841e+11 
1.200000e+01 2.585145e+11 
1.300000e+01 2.593103e+11 
1.400000e+01 2.604906e+11 
1.500000e+01 2.606274e+11 
1.600000e+01 2.614255e+11 
1.700000e+01 2.622612e+11 
1.800000e+01 2.637242e+11 
1.900000e+01 2.641626e+11 
2.000000e+01 2.644127e+11 
2.100000e+01 2.652562e+11 
2.200000e+01 2.665467e+11 
2.300000e+01 2.677888e+11 
2.400000e+01 2.688097e+11 
2.500000e+01 2.695405e+11 
2.600000e+01 2.705640e+11 
2.700000e+01 2.707359e+11 
2.800000e+01 2.721704e+11 
2.900000e+01 2.730040e+11 
3.000000e+01 2.736719e+11 
3.100000e+01 2.734765e+11 
3.200000e+01 2.749118e+11 
3.300000e+01 2.758248e+11 
3.400000e+01 2.761007e+11 
3.500000e+01 2.766407e+11 
3.600000e+01 2.773792e+11 
3.700000e+01 2.783613e+11 
3.800000e+01 2.788420e+11 
3.900000e+01 2.796966e+11 
4.000000e+01 2.797602e+11 
4.100000e+01 2.806430e+11 
4.200000e+01 2.820416e+11 
4.300000e+01 2.830226e+11 
4.400000e+01 2.833357e+11 
4.500000e+01 2.840518e+11 
4.600000e+01 2.845078e+11 
4.700000e+01 2.856773e+11 
4.800000e+01 2.861184e+11 
4.900000e+01 2.868380e+11 
5.000000e+01 2.880650e+11 
5.100000e+01 2.890794e+11 
5.200000e+01 2.891206e+11 
5.300000e+01 2.890106e+11 
5.400000e+01 2.898177e+11 
5.500000e+01 2.907584e+11 
5.600000e+01 2.912698e+11 
5.700000e+01 2.918952e+11 
5.800000e+01 2.940095e+11 
5.900000e+01 2.946001e+11 
6.000000e+01 2.951031e+11 
6.100000e+01 2.956482e+11 
6.200000e+01 2.962111e+11 
6.300000e+01 2.974074e+11 
6.400000e+01 2.982672e+11 
6.500000e+01 2.984697e+11 
6.600000e+01 2.993184e+11 
6.700000e+01 3.004686e+11 
6.800000e+01 3.007267e+11 
6.900000e+01 3.002403e+11 
7.000000e+01 3.017289e+11 
7.100000e+01 3.023362e+11 
7.200000e+01 3.035270e+11 
7.300000e+01 3.042442e+11 
7.400000e+01 3.043347e+11 
7.500000e+01 3.051929e+11 
7.600000e+01 3.062612e+11 
7.700000e+01 3.077100e+11 
7.800000e+01 3.087705e+11 
7.900000e+01 3.079228e+11 
8.000000e+01 3.090405e+11 
8.100000e+01 3.096760e+11 
8.200000e+01 3.113422e+11 
8.300000e+01 3.117961e+11 
8.400000e+01 3.118963e+11 
8.500000e+01 3.121896e+11 
8.600000e+01 3.124641e+11 
8.700000e+01 3.133361e+11 
8.800000e+01 3.143649e+11 
8.900000e+01 3.142482e+11 
9.000000e+01 3.147463e+11 
9.100000e+01 3.158643e+11 
9.200000e+01 3.157379e+11 
9.300000e+01 3.176514e+11 
9.400000e+01 3.180412e+11 
9.500000e+01 3.175274e+11 
9.600000e+01 3.177531e+11 
9.700000e+01 3.180933e+11 
9.800000e+01 3.193288e+11 
9.900000e+01 3.197558e+11 
1.000000e+02 3.201561e+11 
1.010000e+02 3.209645e+11 
1.020000e+02 3.226089e+11 
1.030000e+02 3.227547e+11 
1.040000e+02 3.230813e+11 
1.050000e+02 3.234277e+11 
1.060000e+02 3.246770e+11 
1.070000e+02 3.233474e+11 
1.080000e+02 3.225881e+11 
1.090000e+02 3.247516e+11 
1.100000e+02 3.256650e+11 
1.110000e+02 3.263013e+11 
1.120000e+02 3.264618e+11 
1.130000e+02 3.265321e+11 
1.140000e+02 3.287320e+11 
1.150000e+02 3.309592e+11 
1.160000e+02 3.294390e+11 
1.170000e+02 3.308483e+11 
1.180000e+02 3.315089e+11 
1.190000e+02 3.318348e+11 
1.200000e+02 3.318311e+11 
1.210000e+02 3.335560e+11 
1.220000e+02 3.346597e+11 
1.230000e+02 3.339008e+11 
1.240000e+02 3.344256e+11 
1.250000e+02 3.344558e+11 
1.260000e+02 3.347841e+11 
1.270000e+02 3.361814e+11 
1.280000e+02 3.368215e+11 
1.290000e+02 3.382738e+11 
1.300000e+02 3.397110e+11 
1.310000e+02 3.401519e+11 
1.320000e+02 3.404807e+11 
1.330000e+02 3.411368e+11 
1.340000e+02 3.413802e+11 
1.350000e+02 3.422732e+11 
1.360000e+02 3.404578e+11 
1.370000e+02 3.412114e+11 
1.380000e+02 3.436160e+11 
1.390000e+02 3.436578e+11 
1.400000e+02 3.432191e+11 
1.410000e+02 3.430661e+11 
1.420000e+02 3.435413e+11 
1.430000e+02 3.435327e+11 
1.440000e+02 3.449977e+11 
1.450000e+02 3.456538e+11 
1.460000e+02 3.454468e+11 
1.470000e+02 3.460651e+11 
1.480000e+02 3.480903e+11 
1.490000e+02 3.494767e+11 
1.500000e+02 3.480478e+11 
1.510000e+02 3.470595e+11 
1.520000e+02 3.479930e+11 
1.530000e+02 3.478884e+11 
1.540000e+02 3.499858e+11 
1.550000e+02 3.524666e+11 
1.560000e+02 3.521789e+11 
1.570000e+02 3.503026e+11 
1.580000e+02 3.499237e+11 
1.590000e+02 3.535955e+11 
1.600000e+02 3.541136e+11 
1.610000e+02 3.561939e+11 
1.620000e+02 3.564418e+11 
1.630000e+02 3.571266e+11 
1.640000e+02 3.560991e+11 
1.650000e+02 3.557769e+11 
1.660000e+02 3.543574e+11 
1.670000e+02 3.546696e+11 
1.680000e+02 3.558978e+11 
1.690000e+02 3.576424e+11 
1.700000e+02 3.565693e+11 
1.710000e+02 3.583428e+11 
1.720000e+02 3.588399e+11 
1.730000e+02 3.586798e+11 
1.740000e+02 3.581556e+11 
1.750000e+02 3.612186e+11 
1.760000e+02 3.619750e+11 
1.770000e+02 3.594691e+11 
1.780000e+02 3.585318e+11 
1.790000e+02 3.599161e+11 
1.800000e+02 3.625239e+11 
1.810000e+02 3.645999e+11 
1.820000e+02 3.645707e+11 
1.830000e+02 3.638556e+11 
1.840000e+02 3.643682e+11 
1.850000e+02 3.600582e+11 
1.860000e+02 3.612057e+11 
1.870000e+02 3.651370e+11 
1.880000e+02 3.639701e+11 
1.890000e+02 3.670728e+11 
1.900000e+02 3.666842e+11 
1.910000e+02 3.674946e+11 
1.920000e+02 3.670100e+11 
1.930000e+02 3.661073e+11 
1.940000e+02 3.660961e+11 
1.950000e+02 3.672848e+11 
1.960000e+02 3.653671e+11 
1.970000e+02 3.659872e+11 
1.980000e+02 3.689226e+11 
1.990000e+02 3.712579e+11 
2.000000e+02 3.704133e+11 
2.010000e+02 3.711025e+11 
2.020000e+02 3.683762e+11 
2.030000e+02 3.721092e+11 
2.040000e+02 3.727969e+11 
2.050000e+02 3.738564e+11 
2.060000e+02 3.723776e+11 
2.070000e+02 3.725406e+11 
2.080000e+02 3.730885e+11 
2.090000e+02 3.724262e+11 
2.100000e+02 3.691175e+11 
2.110000e+02 3.694343e+11 
2.120000e+02 3.709714e+11 
2.130000e+02 3.666750e+11 
2.140000e+02 3.682718e+11 
2.150000e+02 3.708633e+11 
2.160000e+02 3.640420e+11 
2.170000e+02 3.681743e+11 
2.180000e+02 3.712608e+11 
2.190000e+02 3.708045e+11 
2.200000e+02 3.705671e+11 
2.210000e+02 3.748612e+11 
2.220000e+02 3.737785e+11 
2.230000e+02 3.726279e+11 
2.240000e+02 3.727847e+11 
2.250000e+02 3.739565e+11 
2.260000e+02 3.707856e+11 
2.270000e+02 3.698316e+11 
2.280000e+02 3.693639e+11 
2.290000e+02 3.721689e+11 
2.300000e+02 3.736012e+11 
2.310000e+02 3.718935e+11 
2.320000e+02 3.727374e+11 
2.330000e+02 3.731854e+11 
2.340000e+02 3.715842e+11 
2.350000e+02 3.703710e+11 
2.360000e+02 3.740756e+11 
2.370000e+02 3.702146e+11 
2.380000e+02 3.701665e+11 
2.390000e+02 3.683653e+11 
2.400000e+02 3.671818e+11 
2.410000e+02 3.692146e+11 
2.420000e+02 3.693063e+11 
2.430000e+02 3.683194e+11 
2.440000e+02 3.703169e+11 
2.450000e+02 3.714059e+11 
2.460000e+02 3.715922e+11 
2.470000e+02 3.707503e+11 
2.480000e+02 3.699920e+11 
2.490000e+02 3.732258e+11 
2.500000e+02 3.732133e+11 
2.510000e+02 3.716759e+11 
2.520000e+02 3.703060e+11 
2.530000e+02 3.693486e+11 
2.540000e+02 3.701047e+11 
2.550000e+02 3.715740e+11 
2.560000e+02 3.707393e+11 
2.570000e+02 3.712357e+11 
2.580000e+02 3.702048e+11 
2.590000e+02 3.687415e+11 
2.600000e+02 3.696274e+11 
2.610000e+02 3.680916e+11 
2.620000e+02 3.680332e+11 
2.630000e+02 3.663194e+11 
2.640000e+02 3.654863e+11 
2.650000e+02 3.654057e+11 
2.660000e+02 3.647997e+11 
2.670000e+02 3.666544e+11 
2.680000e+02 3.665775e+11 
2.690000e+02 3.645115e+11 
2.700000e+02 3.663255e+11 
2.710000e+02 3.682938e+11 
2.720000e+02 3.690285e+11 
2.730000e+02 3.675546e+11 
2.740000e+02 3.665218e+11 
2.750000e+02 3.668300e+11 
2.760000e+02 3.689262e+11 
2.770000e+02 3.682804e+11 
2.780000e+02 3.676205e+11 
2.790000e+02 3.674129e+11 
2.800000e+02 3.666140e+11 
2.810000e+02 3.652447e+11 
2.820000e+02 3.661757e+11 
2.830000e+02 3.668552e+11 
2.840000e+02 3.647345e+11 
2.850000e+02 3.641224e+11 
2.860000e+02 3.664045e+11 
2.870000e+02 3.678841e+11 
2.880000e+02 3.662626e+11 
2.890000e+02 3.657534e+11 
2.900000e+02 3.632448e+11 
2.910000e+02 3.637967e+11 
2.920000e+02 3.621006e+11 
2.930000e+02 3.628065e+11 
2.940000e+02 3.626427e+11 
2.950000e+02 3.622025e+11 
2.960000e+02 3.628899e+11 
2.970000e+02 3.615437e+11 
2.980000e+02 3.590332e+11 
2.990000e+02 3.597282e+11 
3.000000e+02 3.599217e+11 
3.010000e+02 3.593021e+11 
3.020000e+02 3.609068e+11 
3.030000e+02 3.616691e+11 
3.040000e+02 3.602217e+11 
3.050000e+02 3.608047e+11 
3.060000e+02 3.589206e+11 
3.070000e+02 3.577185e+11 
3.080000e+02 3.579777e+11 
3.090000e+02 3.590376e+11 
3.100000e+02 3.574557e+11 
3.110000e+02 3.563870e+11 
3.120000e+02 3.565065e+11 
3.130000e+02 3.572484e+11 
3.140000e+02 3.563465e+11 
3.150000e+02 3.545607e+11 
3.160000e+02 3.556139e+11 
3.170000e+02 3.549609e+11 
3.180000e+02 3.527707e+11 
3.190000e+02 3.534987e+11 
3.200000e+02 3.541718e+11 
3.210000e+02 3.529442e+11 
3.220000e+02 3.527628e+11 
3.230000e+02 3.515900e+11 
3.240000e+02 3.514576e+11 
3.250000e+02 3.510842e+11 
3.260000e+02 3.504524e+11 
3.270000e+02 3.510886e+11 
3.280000e+02 3.502690e+11 
3.290000e+02 3.488949e+11 
3.300000e+02 3.476360e+11 
3.310000e+02 3.465375e+11 
3.320000e+02 3.461957e+11 
3.330000e+02 3.447020e+11 
3.340000e+02 3.442559e+11 
3.350000e+02 3.442285e+11 
3.360000e+02 3.445040e+11 
3.370000e+02 3.442682e+11 
3.380000e+02 3.438772e+11 
3.390000e+02 3.427502e+11 
3.400000e+02 3.424214e+11 
3.410000e+02 3.418955e+11 
3.420000e+02 3.417679e+11 
3.430000e+02 3.410893e+11 
3.440000e+02 3.420648e+11 
3.450000e+02 3.417623e+11 
3.460000e+02 3.400996e+11 
3.470000e+02 3.400046e+11 
3.480000e+02 3.388785e+11 
3.490000e+02 3.383645e+11 
3.500000e+02 3.387439e+11 
3.510000e+02 3.379847e+11 
3.520000e+02 3.369633e+11 
3.530000e+02 3.365044e+11 
3.540000e+02 3.366620e+11 
3.550000e+02 3.349550e+11 
3.560000e+02 3.341098e+11 
3.570000e+02 3.343412e+11 
3.580000e+02 3.338207e+11 
3.590000e+02 3.323043e+11 
3.600000e+02 3.318107e+11 
3.610000e+02 3.313095e+11 
3.620000e+02 3.307929e+11 
3.630000e+02 3.295142e+11 
3.640000e+02 3.288651e+11 
3.650000e+02 3.279906e+11 
3.660000e+02 3.279039e+11 
3.670000e+02 3.269286e+11 
3.680000e+02 3.266958e+11 
3.690000e+02 3.253051e+11 
3.700000e+02 3.255085e+11 
3.710000e+02 3.259333e+11 
3.720000e+02 3.242563e+11 
3.730000e+02 3.222441e+11 
3.740000e+02 3.223074e+11 
3.750000e+02 3.217980e+11 
3.760000e+02 3.212703e+11 
3.770000e+02 3.206590e+11 
3.780000e+02 3.191729e+11 
3.790000e+02 3.182765e+11 
3.800000e+02 3.180717e+11 
3.810000e+02 3.172047e+11 
3.820000e+02 3.159155e+11 
3.830000e+02 3.158781e+11 
3.840000e+02 3.149569e+11 
3.850000e+02 3.143380e+11 
3.860000e+02 3.130994e+11 
3.870000e+02 3.115752e+11 
3.880000e+02 3.101917e+11 
3.890000e+02 3.089954e+11 
3.900000e+02 3.088764e+11 
3.910000e+02 3.079052e+11 
3.920000e+02 3.066503e+11 
3.930000e+02 3.054913e+11 
3.940000e+02 3.051689e+11 
3.950000e+02 3.052505e+11 
3.960000e+02 3.035144e+11 
3.970000e+02 3.023865e+11 
3.980000e+02 3.014449e+11 
3.990000e+02 3.013630e+11 
4.000000e+02 3.004751e+11 
4.010000e+02 2.993260e+11 
4.020000e+02 2.977194e+11 
4.030000e+02 2.966130e+11 
4.040000e+02 2.954531e+11 
4.050000e+02 2.943646e+11 
4.060000e+02 2.937731e+11 
4.070000e+02 2.935869e+11 
4.080000e+02 2.926196e+11 
4.090000e+02 2.911792e+11 
4.100000e+02 2.902510e+11 
4.110000e+02 2.892482e+11 
4.120000e+02 2.881802e+11 
4.130000e+02 2.875957e+11 
4.140000e+02 2.864820e+11 
4.150000e+02 2.842009e+11 
4.160000e+02 2.835252e+11 
4.170000e+02 2.819103e+11 
4.180000e+02 2.794343e+11 
4.190000e+02 2.763287e+11 
