0.000000e+00 0.000000e+00 
1.000000e+00 -5.340972e-07 
2.000000e+00 -5.293375e-07 
3.000000e+00 -5.073248e-07 
4.000000e+00 -5.225013e-07 
5.000000e+00 -5.092630e-07 
6.000000e+00 -5.309026e-07 
7.000000e+00 -4.915977e-07 
8.000000e+00 -5.047650e-07 
9.000000e+00 -5.341534e-07 
1.000000e+01 -5.384399e-07 
1.100000e+01 -5.210055e-07 
1.200000e+01 -5.557145e-07 
1.300000e+01 -5.229692e-07 
1.400000e+01 -4.671408e-07 
1.500000e+01 -5.055172e-07 
1.600000e+01 -5.155962e-07 
1.700000e+01 -5.023261e-07 
1.800000e+01 -4.992555e-07 
1.900000e+01 -4.992349e-07 
2.000000e+01 -5.190125e-07 
2.100000e+01 -4.911660e-07 
2.200000e+01 -5.084042e-07 
2.300000e+01 -4.877432e-07 
2.400000e+01 -4.927041e-07 
2.500000e+01 -5.002849e-07 
2.600000e+01 -5.138846e-07 
2.700000e+01 -4.959125e-07 
2.800000e+01 -5.012555e-07 
2.900000e+01 -4.828384e-07 
3.000000e+01 -4.981498e-07 
3.100000e+01 -4.829507e-07 
3.200000e+01 -4.762777e-07 
3.300000e+01 -4.808052e-07 
3.400000e+01 -4.985509e-07 
3.500000e+01 -4.913164e-07 
3.600000e+01 -4.736341e-07 
3.700000e+01 -4.681636e-07 
3.800000e+01 -4.741207e-07 
3.900000e+01 -4.770680e-07 
4.000000e+01 -4.878079e-07 
4.100000e+01 -4.713609e-07 
4.200000e+01 -4.838570e-07 
4.300000e+01 -4.661128e-07 
4.400000e+01 -4.831231e-07 
4.500000e+01 -4.578581e-07 
4.600000e+01 -4.624151e-07 
4.700000e+01 -4.511872e-07 
4.800000e+01 -4.556598e-07 
4.900000e+01 -4.606442e-07 
5.000000e+01 -4.628135e-07 
5.100000e+01 -4.753066e-07 
5.200000e+01 -4.590323e-07 
5.300000e+01 -4.505327e-07 
5.400000e+01 -4.494054e-07 
5.500000e+01 -4.385214e-07 
5.600000e+01 -4.529985e-07 
5.700000e+01 -4.496500e-07 
5.800000e+01 -4.580874e-07 
5.900000e+01 -4.528074e-07 
6.000000e+01 -4.456380e-07 
6.100000e+01 -4.305677e-07 
6.200000e+01 -4.341119e-07 
6.300000e+01 -4.392450e-07 
6.400000e+01 -4.392321e-07 
6.500000e+01 -4.363984e-07 
6.600000e+01 -4.265692e-07 
6.700000e+01 -4.325474e-07 
6.800000e+01 -4.212519e-07 
6.900000e+01 -4.348735e-07 
7.000000e+01 -4.346883e-07 
7.100000e+01 -4.277842e-07 
7.200000e+01 -4.174585e-07 
7.300000e+01 -4.092850e-07 
7.400000e+01 -4.282469e-07 
7.500000e+01 -4.235384e-07 
7.600000e+01 -4.129179e-07 
7.700000e+01 -4.104399e-07 
7.800000e+01 -3.994676e-07 
7.900000e+01 -4.101440e-07 
8.000000e+01 -4.007770e-07 
8.100000e+01 -4.037133e-07 
8.200000e+01 -4.121687e-07 
8.300000e+01 -4.022113e-07 
8.400000e+01 -3.997718e-07 
8.500000e+01 -4.148275e-07 
8.600000e+01 -4.134153e-07 
8.700000e+01 -3.941358e-07 
8.800000e+01 -3.733380e-07 
8.900000e+01 -3.837708e-07 
9.000000e+01 -3.951736e-07 
9.100000e+01 -3.859350e-07 
9.200000e+01 -3.825981e-07 
9.300000e+01 -3.804167e-07 
9.400000e+01 -3.908331e-07 
9.500000e+01 -3.722541e-07 
9.600000e+01 -3.763612e-07 
9.700000e+01 -3.703273e-07 
9.800000e+01 -3.635971e-07 
9.900000e+01 -3.700779e-07 
1.000000e+02 -3.699879e-07 
1.010000e+02 -3.691167e-07 
1.020000e+02 -3.660263e-07 
1.030000e+02 -3.605384e-07 
1.040000e+02 -3.667292e-07 
1.050000e+02 -3.656042e-07 
1.060000e+02 -3.675359e-07 
1.070000e+02 -3.702116e-07 
1.080000e+02 -3.599606e-07 
1.090000e+02 -3.588471e-07 
1.100000e+02 -3.486940e-07 
1.110000e+02 -3.281076e-07 
1.120000e+02 -3.351705e-07 
1.130000e+02 -3.470448e-07 
1.140000e+02 -3.429446e-07 
1.150000e+02 -3.387911e-07 
1.160000e+02 -3.449522e-07 
1.170000e+02 -3.455379e-07 
1.180000e+02 -3.380778e-07 
1.190000e+02 -3.381794e-07 
1.200000e+02 -3.292190e-07 
1.210000e+02 -3.312169e-07 
1.220000e+02 -3.161336e-07 
1.230000e+02 -3.282042e-07 
1.240000e+02 -3.176745e-07 
1.250000e+02 -3.332786e-07 
1.260000e+02 -3.257254e-07 
1.270000e+02 -3.104966e-07 
1.280000e+02 -3.102978e-07 
1.290000e+02 -3.101542e-07 
1.300000e+02 -3.108194e-07 
1.310000e+02 -3.133269e-07 
1.320000e+02 -3.042049e-07 
1.330000e+02 -3.013194e-07 
1.340000e+02 -2.939391e-07 
1.350000e+02 -2.929311e-07 
1.360000e+02 -2.962588e-07 
1.370000e+02 -2.935686e-07 
1.380000e+02 -2.871906e-07 
1.390000e+02 -2.901761e-07 
1.400000e+02 -2.820880e-07 
1.410000e+02 -2.878893e-07 
1.420000e+02 -2.740053e-07 
1.430000e+02 -2.733445e-07 
1.440000e+02 -2.657805e-07 
1.450000e+02 -2.604573e-07 
1.460000e+02 -2.561486e-07 
1.470000e+02 -2.724748e-07 
1.480000e+02 -2.637684e-07 
1.490000e+02 -2.564116e-07 
1.500000e+02 -2.510988e-07 
1.510000e+02 -2.590638e-07 
1.520000e+02 -2.627818e-07 
1.530000e+02 -2.468870e-07 
1.540000e+02 -2.440121e-07 
1.550000e+02 -2.321082e-07 
1.560000e+02 -2.352857e-07 
1.570000e+02 -2.328782e-07 
1.580000e+02 -2.364239e-07 
1.590000e+02 -2.407199e-07 
1.600000e+02 -2.280120e-07 
1.610000e+02 -2.326428e-07 
1.620000e+02 -2.087339e-07 
1.630000e+02 -2.224064e-07 
1.640000e+02 -2.179674e-07 
1.650000e+02 -2.256465e-07 
1.660000e+02 -2.130509e-07 
1.670000e+02 -1.986196e-07 
1.680000e+02 -1.959927e-07 
1.690000e+02 -2.008738e-07 
1.700000e+02 -2.003672e-07 
1.710000e+02 -1.937681e-07 
1.720000e+02 -1.832319e-07 
1.730000e+02 -1.945041e-07 
1.740000e+02 -1.873364e-07 
1.750000e+02 -1.815164e-07 
1.760000e+02 -1.840752e-07 
1.770000e+02 -1.728067e-07 
1.780000e+02 -1.709289e-07 
1.790000e+02 -1.719955e-07 
1.800000e+02 -1.593337e-07 
1.810000e+02 -1.518716e-07 
1.820000e+02 -1.572005e-07 
1.830000e+02 -1.558070e-07 
1.840000e+02 -1.525965e-07 
1.850000e+02 -1.488038e-07 
1.860000e+02 -1.361433e-07 
1.870000e+02 -1.392249e-07 
1.880000e+02 -1.383383e-07 
1.890000e+02 -1.363188e-07 
1.900000e+02 -1.346246e-07 
1.910000e+02 -1.229507e-07 
1.920000e+02 -1.235112e-07 
1.930000e+02 -1.183928e-07 
1.940000e+02 -1.113459e-07 
1.950000e+02 -1.151109e-07 
1.960000e+02 -1.060520e-07 
1.970000e+02 -9.755906e-08 
1.980000e+02 -9.945261e-08 
1.990000e+02 -8.554121e-08 
2.000000e+02 -8.110603e-08 
2.010000e+02 -8.817549e-08 
2.020000e+02 -8.577884e-08 
2.030000e+02 -8.052313e-08 
2.040000e+02 -7.496875e-08 
2.050000e+02 -6.710735e-08 
2.060000e+02 -6.583478e-08 
2.070000e+02 -6.346795e-08 
2.080000e+02 -4.891157e-08 
2.090000e+02 -5.124058e-08 
2.100000e+02 -4.927039e-08 
2.110000e+02 -4.570943e-08 
2.120000e+02 -3.339624e-08 
2.130000e+02 -3.418786e-08 
2.140000e+02 -2.353782e-08 
2.150000e+02 -2.768853e-08 
2.160000e+02 -1.992888e-08 
2.170000e+02 -1.865734e-08 
2.180000e+02 -1.207325e-08 
2.190000e+02 -1.405521e-08 
2.200000e+02 -2.143773e-09 
2.210000e+02 -1.623551e-09 
2.220000e+02 2.803647e-10 
2.230000e+02 1.403626e-08 
2.240000e+02 1.840819e-08 
2.250000e+02 2.046673e-08 
2.260000e+02 2.199629e-08 
2.270000e+02 1.930645e-08 
2.280000e+02 2.845823e-08 
2.290000e+02 3.914068e-08 
2.300000e+02 4.308414e-08 
2.310000e+02 4.957672e-08 
2.320000e+02 4.490035e-08 
2.330000e+02 4.949020e-08 
2.340000e+02 5.874530e-08 
2.350000e+02 6.621089e-08 
2.360000e+02 6.478835e-08 
2.370000e+02 6.907172e-08 
2.380000e+02 7.395434e-08 
2.390000e+02 8.673447e-08 
2.400000e+02 7.627480e-08 
2.410000e+02 7.529602e-08 
2.420000e+02 8.636128e-08 
2.430000e+02 9.555366e-08 
2.440000e+02 9.735773e-08 
2.450000e+02 8.989485e-08 
2.460000e+02 1.048130e-07 
2.470000e+02 1.074305e-07 
2.480000e+02 1.085137e-07 
2.490000e+02 1.135368e-07 
2.500000e+02 1.197797e-07 
2.510000e+02 1.198309e-07 
2.520000e+02 1.272537e-07 
2.530000e+02 1.274608e-07 
2.540000e+02 1.319220e-07 
2.550000e+02 1.316670e-07 
2.560000e+02 1.343069e-07 
2.570000e+02 1.390219e-07 
2.580000e+02 1.517388e-07 
2.590000e+02 1.568944e-07 
2.600000e+02 1.515084e-07 
2.610000e+02 1.548717e-07 
2.620000e+02 1.525591e-07 
2.630000e+02 1.722540e-07 
2.640000e+02 1.788991e-07 
2.650000e+02 1.701608e-07 
2.660000e+02 1.708265e-07 
2.670000e+02 1.886197e-07 
2.680000e+02 1.726687e-07 
2.690000e+02 1.788927e-07 
2.700000e+02 1.890925e-07 
2.710000e+02 1.966594e-07 
2.720000e+02 1.933333e-07 
2.730000e+02 1.972620e-07 
2.740000e+02 1.894627e-07 
2.750000e+02 2.125557e-07 
2.760000e+02 2.099841e-07 
2.770000e+02 2.017454e-07 
2.780000e+02 2.201548e-07 
2.790000e+02 2.150510e-07 
2.800000e+02 2.144299e-07 
2.810000e+02 2.271573e-07 
2.820000e+02 2.270213e-07 
2.830000e+02 2.268930e-07 
2.840000e+02 2.222630e-07 
2.850000e+02 2.214350e-07 
2.860000e+02 2.223428e-07 
2.870000e+02 2.449089e-07 
2.880000e+02 2.398859e-07 
2.890000e+02 2.314103e-07 
2.900000e+02 2.451723e-07 
2.910000e+02 2.521795e-07 
2.920000e+02 2.447213e-07 
2.930000e+02 2.426135e-07 
2.940000e+02 2.533525e-07 
2.950000e+02 2.545718e-07 
2.960000e+02 2.567585e-07 
2.970000e+02 2.618013e-07 
2.980000e+02 2.624234e-07 
2.990000e+02 2.717763e-07 
3.000000e+02 2.597878e-07 
3.010000e+02 2.794995e-07 
3.020000e+02 2.724399e-07 
3.030000e+02 2.812759e-07 
3.040000e+02 2.825089e-07 
3.050000e+02 2.935053e-07 
3.060000e+02 2.934593e-07 
3.070000e+02 2.966197e-07 
3.080000e+02 3.094677e-07 
3.090000e+02 2.930670e-07 
3.100000e+02 3.032879e-07 
3.110000e+02 3.068629e-07 
3.120000e+02 2.941921e-07 
3.130000e+02 2.999150e-07 
3.140000e+02 3.095921e-07 
3.150000e+02 2.968750e-07 
3.160000e+02 3.098714e-07 
3.170000e+02 3.168100e-07 
3.180000e+02 3.105556e-07 
3.190000e+02 3.233187e-07 
3.200000e+02 3.289386e-07 
3.210000e+02 3.042279e-07 
3.220000e+02 3.188364e-07 
3.230000e+02 3.354591e-07 
3.240000e+02 3.357982e-07 
3.250000e+02 3.312726e-07 
3.260000e+02 3.402044e-07 
3.270000e+02 3.375889e-07 
3.280000e+02 3.407972e-07 
3.290000e+02 3.345077e-07 
3.300000e+02 3.445466e-07 
3.310000e+02 3.529814e-07 
3.320000e+02 3.483046e-07 
3.330000e+02 3.491214e-07 
3.340000e+02 3.549847e-07 
3.350000e+02 3.568287e-07 
3.360000e+02 3.461974e-07 
3.370000e+02 3.571362e-07 
3.380000e+02 3.545914e-07 
3.390000e+02 3.509921e-07 
3.400000e+02 3.782098e-07 
3.410000e+02 3.599796e-07 
3.420000e+02 3.632553e-07 
3.430000e+02 3.679009e-07 
3.440000e+02 3.746487e-07 
3.450000e+02 3.736782e-07 
3.460000e+02 3.635518e-07 
3.470000e+02 3.723794e-07 
3.480000e+02 3.807271e-07 
3.490000e+02 3.656889e-07 
3.500000e+02 3.779689e-07 
3.510000e+02 3.760741e-07 
3.520000e+02 3.729207e-07 
3.530000e+02 3.875995e-07 
3.540000e+02 3.896526e-07 
3.550000e+02 3.947877e-07 
3.560000e+02 3.973016e-07 
3.570000e+02 4.097094e-07 
3.580000e+02 3.951025e-07 
3.590000e+02 3.971564e-07 
3.600000e+02 4.115900e-07 
3.610000e+02 3.939743e-07 
3.620000e+02 4.069609e-07 
3.630000e+02 4.199346e-07 
3.640000e+02 4.199878e-07 
3.650000e+02 4.141692e-07 
3.660000e+02 4.363907e-07 
3.670000e+02 4.201941e-07 
3.680000e+02 4.380052e-07 
3.690000e+02 4.088670e-07 
3.700000e+02 4.281587e-07 
3.710000e+02 4.338338e-07 
3.720000e+02 4.286714e-07 
3.730000e+02 4.336877e-07 
3.740000e+02 4.302952e-07 
3.750000e+02 4.251212e-07 
3.760000e+02 4.525697e-07 
3.770000e+02 4.599610e-07 
3.780000e+02 4.537882e-07 
3.790000e+02 4.390489e-07 
3.800000e+02 4.420726e-07 
3.810000e+02 4.449234e-07 
3.820000e+02 4.485780e-07 
3.830000e+02 4.687832e-07 
3.840000e+02 4.414826e-07 
3.850000e+02 4.605184e-07 
3.860000e+02 4.688608e-07 
3.870000e+02 4.610422e-07 
3.880000e+02 4.639907e-07 
3.890000e+02 4.682864e-07 
3.900000e+02 4.576765e-07 
3.910000e+02 4.635305e-07 
3.920000e+02 4.723375e-07 
3.930000e+02 4.658629e-07 
3.940000e+02 4.691786e-07 
3.950000e+02 4.513792e-07 
3.960000e+02 5.004998e-07 
3.970000e+02 4.779307e-07 
3.980000e+02 4.898415e-07 
3.990000e+02 4.989608e-07 
4.000000e+02 4.584615e-07 
4.010000e+02 4.807085e-07 
4.020000e+02 4.628418e-07 
4.030000e+02 4.994163e-07 
4.040000e+02 4.945873e-07 
4.050000e+02 4.859191e-07 
4.060000e+02 4.877716e-07 
4.070000e+02 4.910237e-07 
4.080000e+02 4.965823e-07 
4.090000e+02 5.017517e-07 
4.100000e+02 4.902325e-07 
4.110000e+02 4.943174e-07 
4.120000e+02 4.903266e-07 
4.130000e+02 5.107271e-07 
4.140000e+02 4.880678e-07 
4.150000e+02 5.059070e-07 
4.160000e+02 5.404176e-07 
4.170000e+02 5.083611e-07 
4.180000e+02 5.168786e-07 
4.190000e+02 0.000000e+00 
