0.000000e+00 0.000000e+00 
1.000000e+00 -1.433667e-04 
2.000000e+00 -8.182912e-05 
3.000000e+00 -8.163919e-05 
4.000000e+00 -1.246304e-04 
5.000000e+00 -1.005130e-04 
6.000000e+00 -1.203120e-04 
7.000000e+00 -5.658806e-05 
8.000000e+00 -9.239839e-05 
9.000000e+00 -1.207507e-04 
1.000000e+01 -1.102829e-04 
1.100000e+01 -1.814499e-04 
1.200000e+01 -1.085913e-04 
1.300000e+01 -1.348436e-04 
1.400000e+01 -1.199044e-04 
1.500000e+01 -4.651935e-05 
1.600000e+01 -6.522927e-05 
1.700000e+01 -5.405049e-05 
1.800000e+01 -9.345262e-05 
1.900000e+01 -4.818640e-05 
2.000000e+01 -1.389932e-04 
2.100000e+01 -4.163582e-05 
2.200000e+01 -9.469808e-05 
2.300000e+01 -9.569792e-05 
2.400000e+01 -8.896988e-05 
2.500000e+01 -5.450834e-05 
2.600000e+01 -1.561349e-04 
2.700000e+01 -1.031359e-04 
2.800000e+01 -6.913080e-05 
2.900000e+01 -3.076604e-05 
3.000000e+01 -6.776163e-05 
3.100000e+01 -7.014698e-05 
3.200000e+01 -7.199098e-05 
3.300000e+01 -9.702037e-05 
3.400000e+01 -3.392558e-05 
3.500000e+01 -7.191524e-05 
3.600000e+01 -6.806754e-05 
3.700000e+01 -3.014781e-05 
3.800000e+01 -8.001319e-05 
3.900000e+01 -8.240627e-05 
4.000000e+01 -5.609477e-05 
4.100000e+01 -8.214509e-05 
4.200000e+01 -4.010635e-05 
4.300000e+01 -6.962640e-05 
4.400000e+01 -4.772865e-05 
4.500000e+01 -6.240901e-05 
4.600000e+01 -5.115508e-05 
4.700000e+01 -7.665125e-05 
4.800000e+01 -6.363675e-05 
4.900000e+01 -1.058282e-04 
5.000000e+01 -3.476430e-05 
5.100000e+01 -3.564407e-05 
5.200000e+01 -6.752892e-05 
5.300000e+01 -7.183005e-05 
5.400000e+01 -5.658852e-05 
5.500000e+01 -7.249776e-05 
5.600000e+01 -5.630436e-05 
5.700000e+01 -6.650385e-05 
5.800000e+01 -1.026081e-04 
5.900000e+01 -8.500549e-05 
6.000000e+01 -5.398727e-05 
6.100000e+01 -5.508193e-05 
6.200000e+01 -5.338250e-05 
6.300000e+01 -4.551420e-05 
6.400000e+01 -1.846232e-05 
6.500000e+01 -3.060180e-05 
6.600000e+01 -5.017153e-05 
6.700000e+01 -2.373313e-05 
6.800000e+01 -3.869007e-05 
6.900000e+01 -4.638561e-05 
7.000000e+01 -2.934952e-05 
7.100000e+01 -3.322479e-05 
7.200000e+01 -2.007002e-05 
7.300000e+01 -4.055453e-05 
7.400000e+01 -8.633596e-05 
7.500000e+01 -5.271254e-05 
7.600000e+01 -3.153678e-05 
7.700000e+01 -5.151883e-05 
7.800000e+01 -3.615086e-05 
7.900000e+01 -3.788789e-05 
8.000000e+01 -3.919820e-05 
8.100000e+01 -3.553552e-05 
8.200000e+01 -3.514885e-05 
8.300000e+01 -3.726352e-05 
8.400000e+01 -9.909133e-05 
8.500000e+01 -1.952867e-05 
8.600000e+01 3.270040e-05 
8.700000e+01 -1.530583e-06 
8.800000e+01 -4.456086e-05 
8.900000e+01 8.790603e-06 
9.000000e+01 -6.127605e-05 
9.100000e+01 -2.414208e-05 
9.200000e+01 -3.767949e-05 
9.300000e+01 -5.536215e-05 
9.400000e+01 -3.414506e-05 
9.500000e+01 -2.627061e-05 
9.600000e+01 -1.454600e-05 
9.700000e+01 -4.640174e-05 
9.800000e+01 -2.240202e-06 
9.900000e+01 -1.105738e-05 
1.000000e+02 -3.528664e-05 
1.010000e+02 -2.890043e-05 
1.020000e+02 -4.852213e-07 
1.030000e+02 -2.528195e-05 
1.040000e+02 -3.168224e-05 
1.050000e+02 3.023030e-06 
1.060000e+02 -1.182052e-05 
1.070000e+02 -1.612330e-05 
1.080000e+02 1.721086e-05 
1.090000e+02 -2.303879e-05 
1.100000e+02 1.012130e-05 
1.110000e+02 -4.204644e-05 
1.120000e+02 -2.726976e-05 
1.130000e+02 -2.499038e-05 
1.140000e+02 -1.648176e-05 
1.150000e+02 -9.732292e-06 
1.160000e+02 -3.346629e-05 
1.170000e+02 1.998577e-05 
1.180000e+02 -2.092800e-05 
1.190000e+02 -2.123464e-05 
1.200000e+02 -7.281398e-06 
1.210000e+02 -2.458417e-05 
1.220000e+02 -4.115062e-05 
1.230000e+02 -1.804536e-05 
1.240000e+02 1.307211e-05 
1.250000e+02 3.601415e-07 
1.260000e+02 -6.858406e-06 
1.270000e+02 -4.320363e-05 
1.280000e+02 6.648224e-07 
1.290000e+02 -1.590437e-05 
1.300000e+02 -1.097184e-05 
1.310000e+02 7.602329e-06 
1.320000e+02 -3.149002e-06 
1.330000e+02 -2.409896e-05 
1.340000e+02 9.897565e-06 
1.350000e+02 2.116943e-05 
1.360000e+02 -3.079662e-05 
1.370000e+02 2.711656e-05 
1.380000e+02 7.001327e-06 
1.390000e+02 1.656882e-05 
1.400000e+02 -6.443075e-05 
1.410000e+02 -2.965774e-05 
1.420000e+02 5.403835e-06 
1.430000e+02 1.700467e-05 
1.440000e+02 4.672319e-05 
1.450000e+02 4.935153e-06 
1.460000e+02 3.466851e-05 
1.470000e+02 -8.370151e-07 
1.480000e+02 -2.706421e-05 
1.490000e+02 -1.756439e-05 
1.500000e+02 -1.038982e-05 
1.510000e+02 8.359390e-06 
1.520000e+02 1.729502e-06 
1.530000e+02 -1.848302e-05 
1.540000e+02 1.729436e-05 
1.550000e+02 -1.137750e-05 
1.560000e+02 -5.119161e-06 
1.570000e+02 -3.895447e-05 
1.580000e+02 -1.181419e-05 
1.590000e+02 -5.758983e-06 
1.600000e+02 -1.530791e-05 
1.610000e+02 -3.089032e-08 
1.620000e+02 -6.513170e-05 
1.630000e+02 -2.198150e-05 
1.640000e+02 -1.867708e-05 
1.650000e+02 -1.913989e-05 
1.660000e+02 1.742883e-05 
1.670000e+02 -2.851511e-05 
1.680000e+02 -1.618683e-05 
1.690000e+02 2.572305e-06 
1.700000e+02 -3.130440e-05 
1.710000e+02 -1.493842e-05 
1.720000e+02 -9.686094e-06 
1.730000e+02 -2.028583e-06 
1.740000e+02 -1.638578e-05 
1.750000e+02 -9.756659e-06 
1.760000e+02 -1.013804e-06 
1.770000e+02 -3.396092e-05 
1.780000e+02 -1.277200e-05 
1.790000e+02 5.704565e-07 
1.800000e+02 1.719515e-05 
1.810000e+02 -1.483687e-05 
1.820000e+02 -1.374049e-05 
1.830000e+02 -6.721642e-05 
1.840000e+02 -1.175831e-05 
1.850000e+02 -1.783181e-05 
1.860000e+02 -2.856999e-06 
1.870000e+02 -4.273275e-05 
1.880000e+02 -1.223272e-06 
1.890000e+02 -2.261951e-05 
1.900000e+02 -2.488046e-05 
1.910000e+02 -2.342446e-05 
1.920000e+02 -1.382972e-05 
1.930000e+02 7.937556e-06 
1.940000e+02 -1.182980e-05 
1.950000e+02 -2.777237e-05 
1.960000e+02 2.107504e-05 
1.970000e+02 1.023792e-05 
1.980000e+02 3.195650e-05 
1.990000e+02 -4.122211e-05 
2.000000e+02 1.348721e-05 
2.010000e+02 -2.334267e-05 
2.020000e+02 1.784355e-05 
2.030000e+02 -6.813909e-06 
2.040000e+02 1.841606e-05 
2.050000e+02 -8.306876e-05 
2.060000e+02 1.812356e-05 
2.070000e+02 -2.514885e-05 
2.080000e+02 1.593217e-06 
2.090000e+02 1.704236e-05 
2.100000e+02 3.452060e-05 
2.110000e+02 1.008004e-05 
2.120000e+02 5.826579e-06 
2.130000e+02 -7.349523e-06 
2.140000e+02 1.919348e-05 
2.150000e+02 2.485155e-06 
2.160000e+02 5.152366e-06 
2.170000e+02 9.318242e-06 
2.180000e+02 1.700050e-05 
2.190000e+02 -7.265434e-06 
2.200000e+02 2.257345e-05 
2.210000e+02 -2.075781e-05 
2.220000e+02 2.842535e-05 
2.230000e+02 2.436009e-05 
2.240000e+02 -1.112955e-05 
2.250000e+02 2.450728e-05 
2.260000e+02 2.679294e-05 
2.270000e+02 3.268308e-05 
2.280000e+02 2.786815e-05 
2.290000e+02 1.207980e-05 
2.300000e+02 1.276190e-05 
2.310000e+02 5.243381e-05 
2.320000e+02 6.153558e-06 
2.330000e+02 4.962993e-05 
2.340000e+02 3.784058e-05 
2.350000e+02 3.802790e-05 
2.360000e+02 3.457398e-05 
2.370000e+02 -2.998925e-06 
2.380000e+02 3.017723e-05 
2.390000e+02 1.853394e-05 
2.400000e+02 2.001678e-05 
2.410000e+02 2.029534e-05 
2.420000e+02 2.049187e-05 
2.430000e+02 2.826084e-05 
2.440000e+02 1.025306e-05 
2.450000e+02 1.445878e-05 
2.460000e+02 -4.502601e-06 
2.470000e+02 1.065382e-05 
2.480000e+02 -1.135756e-05 
2.490000e+02 2.233401e-05 
2.500000e+02 2.285509e-05 
2.510000e+02 2.355779e-05 
2.520000e+02 4.570483e-06 
2.530000e+02 3.304184e-05 
2.540000e+02 1.673060e-05 
2.550000e+02 -9.857045e-06 
2.560000e+02 2.673639e-06 
2.570000e+02 4.081291e-05 
2.580000e+02 1.447532e-05 
2.590000e+02 2.374996e-05 
2.600000e+02 1.463277e-05 
2.610000e+02 2.453169e-05 
2.620000e+02 8.785071e-06 
2.630000e+02 2.273368e-05 
2.640000e+02 1.504296e-05 
2.650000e+02 1.341005e-05 
2.660000e+02 2.715851e-05 
2.670000e+02 2.196204e-05 
2.680000e+02 2.088624e-05 
2.690000e+02 2.255063e-06 
2.700000e+02 2.650140e-05 
2.710000e+02 2.521334e-05 
2.720000e+02 3.099544e-05 
2.730000e+02 1.345916e-05 
2.740000e+02 4.162170e-06 
2.750000e+02 -5.983190e-06 
2.760000e+02 4.605430e-06 
2.770000e+02 9.578754e-06 
2.780000e+02 2.593024e-05 
2.790000e+02 1.601676e-05 
2.800000e+02 1.092175e-05 
2.810000e+02 -5.373269e-06 
2.820000e+02 -3.782280e-06 
2.830000e+02 1.877065e-05 
2.840000e+02 2.294344e-05 
2.850000e+02 1.868694e-05 
2.860000e+02 1.804792e-05 
2.870000e+02 1.210534e-05 
2.880000e+02 3.501576e-05 
2.890000e+02 5.065143e-06 
2.900000e+02 2.017257e-05 
2.910000e+02 1.630179e-05 
2.920000e+02 2.160832e-05 
2.930000e+02 1.068403e-05 
2.940000e+02 1.987983e-05 
2.950000e+02 2.937375e-05 
2.960000e+02 6.910700e-06 
2.970000e+02 1.519847e-05 
2.980000e+02 1.352275e-05 
2.990000e+02 4.506842e-05 
3.000000e+02 5.000928e-05 
3.010000e+02 3.766255e-05 
3.020000e+02 -1.251956e-05 
3.030000e+02 -2.437357e-06 
3.040000e+02 6.055618e-06 
3.050000e+02 3.795567e-05 
3.060000e+02 9.832056e-06 
3.070000e+02 -1.804490e-05 
3.080000e+02 1.102369e-05 
3.090000e+02 4.224556e-07 
3.100000e+02 3.605543e-05 
3.110000e+02 7.629855e-06 
3.120000e+02 7.385475e-06 
3.130000e+02 2.420614e-05 
3.140000e+02 1.160976e-05 
3.150000e+02 2.991633e-05 
3.160000e+02 1.929478e-05 
3.170000e+02 1.107174e-05 
3.180000e+02 2.759591e-05 
3.190000e+02 2.210911e-05 
3.200000e+02 1.095597e-05 
3.210000e+02 7.725945e-06 
3.220000e+02 2.883040e-05 
3.230000e+02 2.309745e-05 
3.240000e+02 7.727889e-06 
3.250000e+02 3.677143e-05 
3.260000e+02 1.688089e-05 
3.270000e+02 2.619555e-05 
3.280000e+02 1.387418e-05 
3.290000e+02 4.532036e-05 
3.300000e+02 2.957454e-05 
3.310000e+02 7.698740e-06 
3.320000e+02 2.020252e-05 
3.330000e+02 4.695977e-05 
3.340000e+02 1.245073e-05 
3.350000e+02 1.298079e-05 
3.360000e+02 2.560628e-05 
3.370000e+02 2.691604e-05 
3.380000e+02 1.866707e-05 
3.390000e+02 2.961786e-05 
3.400000e+02 7.727708e-06 
3.410000e+02 2.208165e-05 
3.420000e+02 3.231478e-05 
3.430000e+02 1.611711e-05 
3.440000e+02 3.767433e-06 
3.450000e+02 2.342813e-05 
3.460000e+02 2.043827e-05 
3.470000e+02 1.013176e-05 
3.480000e+02 3.024363e-05 
3.490000e+02 -5.179566e-06 
3.500000e+02 4.827047e-05 
3.510000e+02 5.036121e-05 
3.520000e+02 3.784874e-05 
3.530000e+02 1.699575e-05 
3.540000e+02 1.336238e-05 
3.550000e+02 4.881961e-05 
3.560000e+02 2.979820e-05 
3.570000e+02 1.317443e-05 
3.580000e+02 2.740754e-05 
3.590000e+02 2.381470e-05 
3.600000e+02 3.391720e-05 
3.610000e+02 2.324743e-05 
3.620000e+02 2.434584e-05 
3.630000e+02 4.263975e-05 
3.640000e+02 1.993179e-05 
3.650000e+02 2.565204e-05 
3.660000e+02 3.228105e-05 
3.670000e+02 2.945962e-05 
3.680000e+02 1.674202e-05 
3.690000e+02 1.520731e-05 
3.700000e+02 2.342416e-05 
3.710000e+02 4.027012e-05 
3.720000e+02 2.302841e-05 
3.730000e+02 3.559897e-05 
3.740000e+02 1.007888e-05 
3.750000e+02 1.624180e-05 
3.760000e+02 9.202780e-06 
3.770000e+02 3.822422e-05 
3.780000e+02 2.140898e-05 
3.790000e+02 3.196684e-05 
3.800000e+02 3.266956e-05 
3.810000e+02 1.657889e-05 
3.820000e+02 2.510869e-05 
3.830000e+02 5.599386e-06 
3.840000e+02 1.762910e-05 
3.850000e+02 3.772572e-05 
3.860000e+02 2.538959e-05 
3.870000e+02 1.656759e-05 
3.880000e+02 3.128056e-05 
3.890000e+02 2.242336e-05 
3.900000e+02 2.474681e-05 
3.910000e+02 3.695048e-05 
3.920000e+02 3.983836e-05 
3.930000e+02 3.553301e-05 
3.940000e+02 3.068286e-05 
3.950000e+02 2.283367e-05 
3.960000e+02 4.268810e-05 
3.970000e+02 3.313175e-05 
3.980000e+02 3.277236e-05 
3.990000e+02 1.611133e-05 
4.000000e+02 3.539803e-05 
4.010000e+02 1.218769e-05 
4.020000e+02 4.706041e-05 
4.030000e+02 2.555908e-05 
4.040000e+02 1.021318e-05 
4.050000e+02 2.601928e-05 
4.060000e+02 1.628461e-05 
4.070000e+02 2.169475e-05 
4.080000e+02 3.006548e-05 
4.090000e+02 3.425763e-05 
4.100000e+02 3.416070e-05 
4.110000e+02 2.957565e-05 
4.120000e+02 1.721142e-05 
4.130000e+02 3.453468e-05 
4.140000e+02 2.767781e-05 
4.150000e+02 1.666279e-05 
4.160000e+02 1.853650e-05 
4.170000e+02 1.891170e-05 
4.180000e+02 1.945521e-05 
4.190000e+02 1.700974e-05 
4.200000e+02 2.087878e-05 
4.210000e+02 1.527432e-05 
4.220000e+02 1.677889e-05 
4.230000e+02 1.357005e-05 
4.240000e+02 2.334738e-05 
4.250000e+02 1.877004e-05 
4.260000e+02 1.291664e-05 
4.270000e+02 2.016609e-05 
4.280000e+02 1.810888e-05 
4.290000e+02 1.215581e-05 
4.300000e+02 1.128102e-05 
4.310000e+02 1.621134e-05 
4.320000e+02 1.725952e-05 
4.330000e+02 1.656120e-05 
4.340000e+02 1.781829e-05 
4.350000e+02 2.533900e-05 
4.360000e+02 5.698870e-06 
4.370000e+02 1.716853e-05 
4.380000e+02 7.276265e-06 
4.390000e+02 1.478697e-05 
4.400000e+02 1.044570e-05 
4.410000e+02 5.315681e-06 
4.420000e+02 1.813916e-05 
4.430000e+02 1.245999e-05 
4.440000e+02 6.639155e-06 
4.450000e+02 7.906585e-06 
4.460000e+02 8.867989e-06 
4.470000e+02 1.405632e-05 
4.480000e+02 1.048103e-05 
4.490000e+02 2.520024e-05 
4.500000e+02 1.272654e-05 
4.510000e+02 1.805789e-05 
4.520000e+02 2.792000e-05 
4.530000e+02 2.799732e-05 
4.540000e+02 1.796742e-05 
4.550000e+02 2.278964e-05 
4.560000e+02 1.087956e-05 
4.570000e+02 3.157087e-05 
4.580000e+02 2.064132e-05 
4.590000e+02 2.026545e-05 
4.600000e+02 2.629443e-05 
4.610000e+02 2.049472e-05 
4.620000e+02 2.270980e-05 
4.630000e+02 6.933394e-07 
4.640000e+02 1.852162e-05 
4.650000e+02 3.824676e-05 
4.660000e+02 2.270767e-05 
4.670000e+02 3.775179e-05 
4.680000e+02 2.283816e-05 
4.690000e+02 2.113375e-05 
4.700000e+02 4.954175e-05 
4.710000e+02 3.157209e-05 
4.720000e+02 3.453057e-05 
4.730000e+02 1.507248e-05 
4.740000e+02 2.631082e-05 
4.750000e+02 3.352569e-05 
4.760000e+02 3.553256e-05 
4.770000e+02 1.132952e-05 
4.780000e+02 3.228319e-05 
4.790000e+02 2.915179e-05 
4.800000e+02 2.737812e-05 
4.810000e+02 3.356716e-05 
4.820000e+02 4.492001e-05 
4.830000e+02 2.206657e-05 
4.840000e+02 4.202942e-05 
4.850000e+02 3.974276e-05 
4.860000e+02 4.285690e-05 
4.870000e+02 3.187412e-05 
4.880000e+02 3.369089e-05 
4.890000e+02 5.017291e-05 
4.900000e+02 5.815849e-05 
4.910000e+02 4.570712e-05 
4.920000e+02 4.761648e-05 
4.930000e+02 4.839187e-05 
4.940000e+02 5.506663e-05 
4.950000e+02 4.548625e-05 
4.960000e+02 3.783629e-05 
4.970000e+02 5.061207e-05 
4.980000e+02 4.202141e-05 
4.990000e+02 5.476102e-05 
5.000000e+02 2.884611e-05 
5.010000e+02 4.229795e-05 
5.020000e+02 3.894833e-05 
5.030000e+02 3.109118e-05 
5.040000e+02 4.465136e-05 
5.050000e+02 4.117274e-05 
5.060000e+02 3.862140e-05 
5.070000e+02 4.554857e-05 
5.080000e+02 3.996678e-05 
5.090000e+02 4.903442e-05 
5.100000e+02 5.648438e-05 
5.110000e+02 3.760458e-05 
5.120000e+02 5.077732e-05 
5.130000e+02 3.830958e-05 
5.140000e+02 5.048549e-05 
5.150000e+02 6.156590e-05 
5.160000e+02 6.365197e-05 
5.170000e+02 5.272210e-05 
5.180000e+02 6.689646e-05 
5.190000e+02 5.274504e-05 
5.200000e+02 5.591290e-05 
5.210000e+02 4.274701e-05 
5.220000e+02 4.909284e-05 
5.230000e+02 5.913879e-05 
5.240000e+02 6.208917e-05 
5.250000e+02 6.684821e-05 
5.260000e+02 5.257729e-05 
5.270000e+02 5.095422e-05 
5.280000e+02 5.691920e-05 
5.290000e+02 4.626124e-05 
5.300000e+02 6.411445e-05 
5.310000e+02 4.808256e-05 
5.320000e+02 5.082820e-05 
5.330000e+02 4.744746e-05 
5.340000e+02 4.225637e-05 
5.350000e+02 5.813352e-05 
5.360000e+02 7.277341e-05 
5.370000e+02 4.949796e-05 
5.380000e+02 6.420450e-05 
5.390000e+02 5.717071e-05 
5.400000e+02 5.209332e-05 
5.410000e+02 4.146788e-05 
5.420000e+02 6.510713e-05 
5.430000e+02 6.551365e-05 
5.440000e+02 5.526256e-05 
5.450000e+02 5.800644e-05 
5.460000e+02 7.201992e-05 
5.470000e+02 5.167161e-05 
5.480000e+02 5.083287e-05 
5.490000e+02 5.211434e-05 
5.500000e+02 4.898689e-05 
5.510000e+02 6.326852e-05 
5.520000e+02 4.706169e-05 
5.530000e+02 6.074896e-05 
5.540000e+02 5.488823e-05 
5.550000e+02 6.495223e-05 
5.560000e+02 4.149686e-05 
5.570000e+02 5.156147e-05 
5.580000e+02 5.272380e-05 
5.590000e+02 6.114067e-05 
5.600000e+02 6.283707e-05 
5.610000e+02 5.540978e-05 
5.620000e+02 4.356184e-05 
5.630000e+02 6.595944e-05 
5.640000e+02 7.084356e-05 
5.650000e+02 6.273182e-05 
5.660000e+02 6.021462e-05 
5.670000e+02 5.799700e-05 
5.680000e+02 5.930168e-05 
5.690000e+02 6.187716e-05 
5.700000e+02 6.926158e-05 
5.710000e+02 5.394756e-05 
5.720000e+02 5.764483e-05 
5.730000e+02 6.105657e-05 
5.740000e+02 7.327638e-05 
5.750000e+02 8.159633e-05 
5.760000e+02 6.194289e-05 
5.770000e+02 7.888783e-05 
5.780000e+02 7.509810e-05 
5.790000e+02 8.319054e-05 
5.800000e+02 6.048968e-05 
5.810000e+02 7.301826e-05 
5.820000e+02 6.917250e-05 
5.830000e+02 6.696015e-05 
5.840000e+02 1.038473e-04 
5.850000e+02 8.006025e-05 
5.860000e+02 6.888086e-05 
5.870000e+02 8.325380e-05 
5.880000e+02 7.115640e-05 
5.890000e+02 8.660693e-05 
5.900000e+02 5.826895e-05 
5.910000e+02 8.271344e-05 
5.920000e+02 7.746241e-05 
5.930000e+02 9.307714e-05 
5.940000e+02 6.659838e-05 
5.950000e+02 8.625933e-05 
5.960000e+02 6.140509e-05 
5.970000e+02 6.994399e-05 
5.980000e+02 7.456370e-05 
5.990000e+02 8.864585e-05 
6.000000e+02 6.983720e-05 
6.010000e+02 6.819528e-05 
6.020000e+02 8.729201e-05 
6.030000e+02 7.849247e-05 
6.040000e+02 7.684026e-05 
6.050000e+02 7.852451e-05 
6.060000e+02 7.125605e-05 
6.070000e+02 7.112562e-05 
6.080000e+02 7.741397e-05 
6.090000e+02 7.712224e-05 
6.100000e+02 8.683851e-05 
6.110000e+02 8.122085e-05 
6.120000e+02 7.637613e-05 
6.130000e+02 1.062034e-04 
6.140000e+02 8.623504e-05 
6.150000e+02 7.023872e-05 
6.160000e+02 9.693385e-05 
6.170000e+02 8.258613e-05 
6.180000e+02 8.267711e-05 
6.190000e+02 8.638949e-05 
6.200000e+02 7.098826e-05 
6.210000e+02 7.744991e-05 
6.220000e+02 8.567331e-05 
6.230000e+02 5.782058e-05 
6.240000e+02 8.661004e-05 
6.250000e+02 9.319894e-05 
6.260000e+02 9.759714e-05 
6.270000e+02 8.258826e-05 
6.280000e+02 7.420332e-05 
6.290000e+02 8.441834e-05 
6.300000e+02 1.086831e-04 
6.310000e+02 9.943156e-05 
6.320000e+02 1.020065e-04 
6.330000e+02 7.561630e-05 
6.340000e+02 8.791068e-05 
6.350000e+02 8.690640e-05 
6.360000e+02 8.818619e-05 
6.370000e+02 5.560461e-05 
6.380000e+02 9.473088e-05 
6.390000e+02 9.308347e-05 
6.400000e+02 9.218137e-05 
6.410000e+02 8.569476e-05 
6.420000e+02 1.019440e-04 
6.430000e+02 8.806494e-05 
6.440000e+02 8.582124e-05 
6.450000e+02 8.392076e-05 
6.460000e+02 9.252721e-05 
6.470000e+02 8.285927e-05 
6.480000e+02 1.097072e-04 
6.490000e+02 8.736073e-05 
6.500000e+02 8.441810e-05 
6.510000e+02 8.219676e-05 
6.520000e+02 8.505670e-05 
6.530000e+02 8.554841e-05 
6.540000e+02 9.584371e-05 
6.550000e+02 8.269378e-05 
6.560000e+02 9.413449e-05 
6.570000e+02 9.050319e-05 
6.580000e+02 1.208503e-04 
6.590000e+02 9.728110e-05 
6.600000e+02 1.084871e-04 
6.610000e+02 1.121617e-04 
6.620000e+02 9.917930e-05 
6.630000e+02 9.344662e-05 
6.640000e+02 9.964556e-05 
6.650000e+02 9.611362e-05 
6.660000e+02 1.086332e-04 
6.670000e+02 1.041104e-04 
6.680000e+02 1.038895e-04 
6.690000e+02 1.207634e-04 
6.700000e+02 9.925217e-05 
6.710000e+02 9.249718e-05 
6.720000e+02 1.056298e-04 
6.730000e+02 1.032226e-04 
6.740000e+02 1.134925e-04 
6.750000e+02 1.004316e-04 
6.760000e+02 9.807919e-05 
6.770000e+02 1.038477e-04 
6.780000e+02 1.072219e-04 
6.790000e+02 1.078844e-04 
6.800000e+02 1.070340e-04 
6.810000e+02 1.237432e-04 
6.820000e+02 1.019785e-04 
6.830000e+02 9.586740e-05 
6.840000e+02 1.081222e-04 
6.850000e+02 1.156791e-04 
6.860000e+02 1.201264e-04 
6.870000e+02 1.060083e-04 
6.880000e+02 1.021237e-04 
6.890000e+02 1.220379e-04 
6.900000e+02 1.075969e-04 
6.910000e+02 1.039258e-04 
6.920000e+02 9.844196e-05 
6.930000e+02 1.219467e-04 
6.940000e+02 1.128652e-04 
6.950000e+02 1.213370e-04 
6.960000e+02 1.229153e-04 
6.970000e+02 9.680095e-05 
6.980000e+02 1.227466e-04 
6.990000e+02 1.301399e-04 
7.000000e+02 1.246731e-04 
7.010000e+02 1.103116e-04 
7.020000e+02 1.116971e-04 
7.030000e+02 1.386503e-04 
7.040000e+02 1.187375e-04 
7.050000e+02 1.174879e-04 
7.060000e+02 1.256509e-04 
7.070000e+02 1.085194e-04 
7.080000e+02 1.173777e-04 
7.090000e+02 1.117057e-04 
7.100000e+02 1.267083e-04 
7.110000e+02 1.336831e-04 
7.120000e+02 1.139083e-04 
7.130000e+02 1.223238e-04 
7.140000e+02 1.177885e-04 
7.150000e+02 1.261091e-04 
7.160000e+02 1.273862e-04 
7.170000e+02 1.419249e-04 
7.180000e+02 1.300789e-04 
7.190000e+02 1.166675e-04 
7.200000e+02 1.257586e-04 
7.210000e+02 1.108426e-04 
7.220000e+02 9.852282e-05 
7.230000e+02 1.224610e-04 
7.240000e+02 1.007518e-04 
7.250000e+02 1.280821e-04 
7.260000e+02 1.129817e-04 
7.270000e+02 1.092476e-04 
7.280000e+02 1.294829e-04 
7.290000e+02 1.251642e-04 
7.300000e+02 1.193077e-04 
7.310000e+02 1.056338e-04 
7.320000e+02 1.347790e-04 
7.330000e+02 1.476603e-04 
7.340000e+02 1.244867e-04 
7.350000e+02 1.216500e-04 
7.360000e+02 1.422604e-04 
7.370000e+02 1.389178e-04 
7.380000e+02 1.253540e-04 
7.390000e+02 1.347953e-04 
7.400000e+02 1.382535e-04 
7.410000e+02 1.515266e-04 
7.420000e+02 1.138817e-04 
7.430000e+02 1.373343e-04 
7.440000e+02 1.538432e-04 
7.450000e+02 1.596002e-04 
7.460000e+02 1.359680e-04 
7.470000e+02 1.218039e-04 
7.480000e+02 1.375745e-04 
7.490000e+02 1.433879e-04 
7.500000e+02 1.481903e-04 
7.510000e+02 1.383699e-04 
7.520000e+02 1.271814e-04 
7.530000e+02 1.409174e-04 
7.540000e+02 1.792847e-04 
7.550000e+02 1.489366e-04 
7.560000e+02 1.502854e-04 
7.570000e+02 1.502319e-04 
7.580000e+02 1.494806e-04 
7.590000e+02 1.790103e-04 
7.600000e+02 1.661327e-04 
7.610000e+02 1.495419e-04 
7.620000e+02 1.563560e-04 
7.630000e+02 1.684042e-04 
7.640000e+02 1.647662e-04 
7.650000e+02 1.578556e-04 
7.660000e+02 1.639424e-04 
7.670000e+02 1.841384e-04 
7.680000e+02 1.680638e-04 
7.690000e+02 1.652597e-04 
7.700000e+02 1.639643e-04 
7.710000e+02 1.823174e-04 
7.720000e+02 1.497731e-04 
7.730000e+02 1.769818e-04 
7.740000e+02 1.437450e-04 
7.750000e+02 1.839552e-04 
7.760000e+02 1.860796e-04 
7.770000e+02 1.585465e-04 
7.780000e+02 1.582157e-04 
7.790000e+02 1.614949e-04 
7.800000e+02 1.664464e-04 
7.810000e+02 1.839234e-04 
7.820000e+02 1.584103e-04 
7.830000e+02 1.776759e-04 
7.840000e+02 1.794667e-04 
7.850000e+02 1.836960e-04 
7.860000e+02 1.723696e-04 
7.870000e+02 1.921768e-04 
7.880000e+02 1.733110e-04 
7.890000e+02 1.506224e-04 
7.900000e+02 1.864979e-04 
7.910000e+02 1.888157e-04 
7.920000e+02 1.875829e-04 
7.930000e+02 1.751348e-04 
7.940000e+02 2.023734e-04 
7.950000e+02 1.910079e-04 
7.960000e+02 2.034631e-04 
7.970000e+02 2.109832e-04 
7.980000e+02 2.114858e-04 
7.990000e+02 0.000000e+00 
