0.000000e+00 2.504028e+12 
1.000000e+00 2.896094e+12 
2.000000e+00 3.656955e+12 
3.000000e+00 3.936840e+12 
4.000000e+00 4.166398e+12 
5.000000e+00 3.916419e+12 
6.000000e+00 3.611096e+12 
7.000000e+00 3.825369e+12 
8.000000e+00 5.428002e+12 
9.000000e+00 4.744492e+12 
1.000000e+01 5.780256e+12 
1.100000e+01 7.483459e+12 
1.200000e+01 1.033180e+13 
1.300000e+01 9.547362e+12 
1.400000e+01 7.140516e+12 
1.500000e+01 8.820938e+12 
1.600000e+01 1.232196e+13 
1.700000e+01 1.386544e+13 
1.800000e+01 1.149433e+13 
1.900000e+01 1.399159e+13 
2.000000e+01 1.126707e+13 
2.100000e+01 1.591000e+13 
2.200000e+01 1.536491e+13 
2.300000e+01 1.850233e+13 
2.400000e+01 1.024745e+13 
2.500000e+01 5.468921e+12 
2.600000e+01 6.352475e+12 
2.700000e+01 1.085307e+13 
2.800000e+01 4.647974e+12 
2.900000e+01 3.055425e+12 
3.000000e+01 3.435473e+12 
3.100000e+01 3.015576e+12 
3.200000e+01 2.982225e+12 
3.300000e+01 3.136667e+12 
3.400000e+01 3.284989e+12 
3.500000e+01 3.022083e+12 
3.600000e+01 2.804299e+12 
3.700000e+01 2.774995e+12 
3.800000e+01 2.615794e+12 
3.900000e+01 2.756946e+12 
4.000000e+01 3.057242e+12 
4.100000e+01 3.111659e+12 
4.200000e+01 3.447556e+12 
4.300000e+01 4.633718e+12 
4.400000e+01 9.839197e+12 
4.500000e+01 1.174603e+13 
4.600000e+01 6.579877e+12 
4.700000e+01 3.816195e+12 
4.800000e+01 3.878340e+12 
4.900000e+01 3.765695e+12 
5.000000e+01 3.939987e+12 
5.100000e+01 3.823171e+12 
5.200000e+01 4.058065e+12 
5.300000e+01 4.842737e+12 
5.400000e+01 4.624396e+12 
5.500000e+01 4.314777e+12 
5.600000e+01 5.035283e+12 
5.700000e+01 5.556707e+12 
5.800000e+01 6.477455e+12 
5.900000e+01 8.430655e+12 
6.000000e+01 6.308123e+12 
6.100000e+01 7.554349e+12 
6.200000e+01 5.568902e+12 
6.300000e+01 5.409570e+12 
6.400000e+01 5.584213e+12 
6.500000e+01 7.720816e+12 
6.600000e+01 8.556302e+12 
6.700000e+01 5.034486e+12 
6.800000e+01 6.214822e+12 
6.900000e+01 5.513820e+12 
7.000000e+01 5.329957e+12 
7.100000e+01 1.099511e+13 
7.200000e+01 8.327748e+12 
7.300000e+01 6.171660e+12 
7.400000e+01 8.313545e+12 
7.500000e+01 1.090579e+13 
7.600000e+01 7.382382e+12 
7.700000e+01 5.929310e+12 
7.800000e+01 7.048507e+12 
7.900000e+01 5.769655e+12 
8.000000e+01 5.884170e+12 
8.100000e+01 5.855662e+12 
8.200000e+01 1.516123e+13 
8.300000e+01 9.720302e+12 
8.400000e+01 8.661705e+12 
8.500000e+01 9.265559e+12 
8.600000e+01 1.158844e+13 
8.700000e+01 1.936742e+13 
8.800000e+01 1.035859e+13 
8.900000e+01 1.016395e+13 
9.000000e+01 1.419133e+13 
9.100000e+01 1.328371e+13 
9.200000e+01 1.080335e+13 
9.300000e+01 7.053960e+12 
9.400000e+01 6.890479e+12 
9.500000e+01 8.238684e+12 
9.600000e+01 8.412241e+12 
9.700000e+01 4.135371e+12 
9.800000e+01 4.405676e+12 
9.900000e+01 4.886589e+12 
1.000000e+02 5.128455e+12 
1.010000e+02 4.542828e+12 
1.020000e+02 4.723627e+12 
1.030000e+02 4.458355e+12 
1.040000e+02 4.746177e+12 
1.050000e+02 6.485183e+12 
1.060000e+02 7.454880e+12 
1.070000e+02 9.600050e+12 
1.080000e+02 9.616302e+12 
1.090000e+02 8.829488e+12 
1.100000e+02 8.374418e+12 
1.110000e+02 6.508836e+12 
1.120000e+02 7.006897e+12 
1.130000e+02 7.408516e+12 
1.140000e+02 7.332000e+12 
1.150000e+02 6.710216e+12 
1.160000e+02 7.112648e+12 
1.170000e+02 8.791072e+12 
1.180000e+02 6.623135e+12 
1.190000e+02 6.234791e+12 
1.200000e+02 8.468929e+12 
1.210000e+02 7.385041e+12 
1.220000e+02 9.416455e+12 
1.230000e+02 9.115551e+12 
1.240000e+02 9.047887e+12 
1.250000e+02 1.251772e+13 
1.260000e+02 1.442524e+13 
1.270000e+02 1.500997e+13 
1.280000e+02 1.562832e+13 
1.290000e+02 1.301378e+13 
1.300000e+02 9.211898e+12 
1.310000e+02 6.079348e+12 
1.320000e+02 5.927717e+12 
1.330000e+02 5.712787e+12 
1.340000e+02 6.366121e+12 
1.350000e+02 6.096863e+12 
1.360000e+02 6.114990e+12 
1.370000e+02 5.709394e+12 
1.380000e+02 5.808259e+12 
1.390000e+02 5.263859e+12 
1.400000e+02 6.066679e+12 
1.410000e+02 7.570103e+14 
1.420000e+02 2.155984e+14 
1.430000e+02 1.114891e+14 
1.440000e+02 1.263286e+14 
1.450000e+02 1.445561e+14 
1.460000e+02 1.869896e+14 
1.470000e+02 4.249316e+14 
1.480000e+02 3.310325e+14 
1.490000e+02 1.037008e+14 
1.500000e+02 8.396009e+13 
1.510000e+02 3.180762e+12 
1.520000e+02 3.352848e+12 
1.530000e+02 3.233644e+12 
1.540000e+02 4.374422e+12 
1.550000e+02 6.084051e+12 
1.560000e+02 6.182465e+12 
1.570000e+02 5.822452e+12 
1.580000e+02 6.279003e+12 
1.590000e+02 5.538231e+12 
1.600000e+02 5.254796e+12 
1.610000e+02 5.618954e+12 
1.620000e+02 5.415750e+12 
1.630000e+02 4.942582e+12 
1.640000e+02 5.457762e+12 
1.650000e+02 6.144060e+12 
1.660000e+02 5.602022e+12 
1.670000e+02 8.019870e+12 
1.680000e+02 1.456085e+13 
1.690000e+02 1.986916e+13 
1.700000e+02 1.462318e+13 
1.710000e+02 1.021593e+13 
1.720000e+02 7.098535e+12 
1.730000e+02 5.850562e+12 
1.740000e+02 4.978168e+12 
1.750000e+02 4.655185e+12 
1.760000e+02 5.503151e+12 
1.770000e+02 6.608262e+12 
1.780000e+02 6.402262e+12 
1.790000e+02 6.445715e+12 
1.800000e+02 6.026689e+12 
1.810000e+02 6.757379e+12 
1.820000e+02 6.796970e+12 
1.830000e+02 6.132835e+12 
1.840000e+02 6.395415e+12 
1.850000e+02 7.041923e+12 
1.860000e+02 6.661467e+12 
1.870000e+02 5.188955e+12 
1.880000e+02 4.894895e+12 
1.890000e+02 5.020492e+12 
1.900000e+02 4.999275e+12 
1.910000e+02 4.884022e+12 
1.920000e+02 5.130982e+12 
1.930000e+02 5.460607e+12 
1.940000e+02 5.275778e+12 
1.950000e+02 4.806073e+12 
1.960000e+02 4.885549e+12 
1.970000e+02 6.330327e+12 
1.980000e+02 5.844126e+12 
1.990000e+02 4.906611e+12 
2.000000e+02 8.735756e+12 
2.010000e+02 7.022625e+12 
2.020000e+02 5.707351e+12 
2.030000e+02 5.903303e+12 
2.040000e+02 7.310097e+12 
2.050000e+02 9.668189e+12 
2.060000e+02 1.233041e+13 
2.070000e+02 1.007847e+13 
2.080000e+02 8.200953e+12 
2.090000e+02 9.981560e+12 
2.100000e+02 1.284911e+13 
2.110000e+02 7.769046e+12 
2.120000e+02 3.890576e+12 
2.130000e+02 3.844608e+12 
2.140000e+02 3.723707e+12 
2.150000e+02 4.450259e+12 
2.160000e+02 4.299129e+12 
2.170000e+02 4.511463e+12 
2.180000e+02 4.780082e+12 
2.190000e+02 5.124078e+12 
2.200000e+02 5.427277e+12 
2.210000e+02 5.173600e+12 
2.220000e+02 5.591218e+12 
2.230000e+02 5.718331e+12 
2.240000e+02 6.077944e+12 
2.250000e+02 6.226540e+12 
2.260000e+02 5.798153e+12 
2.270000e+02 5.860163e+12 
2.280000e+02 5.985990e+12 
2.290000e+02 6.125456e+12 
2.300000e+02 6.092318e+12 
2.310000e+02 6.158252e+12 
2.320000e+02 6.456694e+12 
2.330000e+02 7.016974e+12 
2.340000e+02 7.380567e+12 
2.350000e+02 7.929867e+12 
2.360000e+02 7.317804e+12 
2.370000e+02 6.842486e+12 
2.380000e+02 7.740487e+12 
2.390000e+02 7.748156e+12 
2.400000e+02 7.197065e+12 
2.410000e+02 7.261102e+12 
2.420000e+02 8.627480e+12 
2.430000e+02 8.469413e+12 
2.440000e+02 7.159619e+12 
2.450000e+02 1.248056e+13 
2.460000e+02 1.576754e+13 
2.470000e+02 1.028542e+13 
2.480000e+02 7.917835e+12 
2.490000e+02 7.345846e+12 
2.500000e+02 8.428321e+12 
2.510000e+02 9.788664e+12 
2.520000e+02 8.080688e+12 
2.530000e+02 6.868751e+12 
2.540000e+02 6.273939e+12 
2.550000e+02 6.528084e+12 
2.560000e+02 6.010569e+12 
2.570000e+02 5.983014e+12 
2.580000e+02 5.788230e+12 
2.590000e+02 7.704330e+12 
2.600000e+02 1.208668e+13 
2.610000e+02 9.553898e+12 
2.620000e+02 8.936534e+12 
2.630000e+02 9.893463e+12 
2.640000e+02 8.204454e+12 
2.650000e+02 9.376375e+12 
2.660000e+02 9.765848e+12 
2.670000e+02 1.192853e+13 
2.680000e+02 1.339128e+13 
2.690000e+02 1.352789e+13 
2.700000e+02 1.177175e+13 
2.710000e+02 1.560203e+13 
2.720000e+02 1.071076e+13 
2.730000e+02 7.433324e+12 
2.740000e+02 8.541979e+12 
2.750000e+02 8.534383e+12 
2.760000e+02 7.317452e+12 
2.770000e+02 6.577844e+12 
2.780000e+02 6.469394e+12 
2.790000e+02 7.058245e+12 
2.800000e+02 6.366417e+12 
2.810000e+02 6.029036e+12 
2.820000e+02 6.918312e+12 
2.830000e+02 6.456660e+12 
2.840000e+02 7.368875e+12 
2.850000e+02 7.577035e+12 
2.860000e+02 6.776365e+12 
2.870000e+02 7.563895e+12 
2.880000e+02 9.418144e+12 
2.890000e+02 7.875045e+12 
2.900000e+02 8.582852e+12 
2.910000e+02 9.241895e+12 
2.920000e+02 8.166033e+12 
2.930000e+02 8.277736e+12 
2.940000e+02 7.500643e+12 
2.950000e+02 7.362282e+12 
2.960000e+02 8.875387e+12 
2.970000e+02 8.129086e+12 
2.980000e+02 6.483495e+12 
2.990000e+02 6.914023e+12 
3.000000e+02 6.235072e+12 
3.010000e+02 5.523644e+12 
3.020000e+02 5.583822e+12 
3.030000e+02 6.150030e+12 
3.040000e+02 6.963556e+12 
3.050000e+02 7.053134e+12 
3.060000e+02 6.283031e+12 
3.070000e+02 6.486321e+12 
3.080000e+02 6.109733e+12 
3.090000e+02 6.013307e+12 
3.100000e+02 6.821470e+12 
3.110000e+02 7.362791e+12 
3.120000e+02 8.031382e+12 
3.130000e+02 8.992873e+12 
3.140000e+02 8.968306e+12 
3.150000e+02 7.445415e+12 
3.160000e+02 7.362258e+12 
3.170000e+02 6.671389e+12 
3.180000e+02 6.817925e+12 
3.190000e+02 6.911989e+12 
3.200000e+02 7.862503e+12 
3.210000e+02 7.472786e+12 
3.220000e+02 6.774638e+12 
3.230000e+02 6.357230e+12 
3.240000e+02 6.438769e+12 
3.250000e+02 6.662377e+12 
3.260000e+02 8.486485e+12 
3.270000e+02 1.002102e+13 
3.280000e+02 8.416582e+12 
3.290000e+02 9.430038e+12 
3.300000e+02 1.369109e+13 
3.310000e+02 9.556946e+12 
3.320000e+02 1.105310e+13 
3.330000e+02 9.691474e+12 
3.340000e+02 6.749530e+12 
3.350000e+02 7.292059e+12 
3.360000e+02 8.395967e+12 
3.370000e+02 7.936161e+12 
3.380000e+02 7.798559e+12 
3.390000e+02 7.293032e+12 
3.400000e+02 6.825524e+12 
3.410000e+02 6.083210e+12 
3.420000e+02 6.042399e+12 
3.430000e+02 6.391720e+12 
3.440000e+02 6.626191e+12 
3.450000e+02 5.675023e+12 
3.460000e+02 5.132994e+12 
3.470000e+02 6.264127e+12 
3.480000e+02 6.474238e+12 
3.490000e+02 7.117768e+12 
3.500000e+02 6.754111e+12 
3.510000e+02 6.986287e+12 
3.520000e+02 7.216293e+12 
3.530000e+02 7.293378e+12 
3.540000e+02 6.190220e+12 
3.550000e+02 6.225435e+12 
3.560000e+02 6.209731e+12 
3.570000e+02 6.221171e+12 
3.580000e+02 5.830470e+12 
3.590000e+02 5.680837e+12 
3.600000e+02 5.530870e+12 
3.610000e+02 6.008382e+12 
3.620000e+02 8.384868e+12 
3.630000e+02 9.877810e+12 
3.640000e+02 8.378823e+12 
3.650000e+02 1.059343e+13 
3.660000e+02 1.073157e+13 
3.670000e+02 8.476741e+12 
3.680000e+02 6.704430e+12 
3.690000e+02 6.562107e+12 
3.700000e+02 7.516562e+12 
3.710000e+02 7.106196e+12 
3.720000e+02 6.523528e+12 
3.730000e+02 6.843446e+12 
3.740000e+02 7.610740e+12 
3.750000e+02 9.070856e+12 
3.760000e+02 8.847180e+12 
3.770000e+02 8.484788e+12 
3.780000e+02 1.478596e+13 
3.790000e+02 1.964084e+13 
3.800000e+02 2.414418e+13 
3.810000e+02 1.684502e+13 
3.820000e+02 7.803483e+12 
3.830000e+02 7.114261e+12 
3.840000e+02 1.023155e+13 
3.850000e+02 8.789215e+12 
3.860000e+02 6.989818e+12 
3.870000e+02 7.392621e+12 
3.880000e+02 6.839203e+12 
3.890000e+02 7.353983e+12 
3.900000e+02 6.871585e+12 
3.910000e+02 7.223802e+12 
3.920000e+02 6.265074e+12 
3.930000e+02 4.888817e+12 
3.940000e+02 4.828440e+12 
3.950000e+02 5.897589e+12 
3.960000e+02 4.226947e+12 
3.970000e+02 4.521435e+12 
3.980000e+02 4.764693e+12 
3.990000e+02 6.431289e+12 
4.000000e+02 6.506609e+12 
4.010000e+02 7.693478e+12 
4.020000e+02 6.629713e+12 
4.030000e+02 7.492816e+12 
4.040000e+02 6.574713e+12 
4.050000e+02 5.604837e+12 
4.060000e+02 5.662443e+12 
4.070000e+02 5.915666e+12 
4.080000e+02 8.287774e+12 
4.090000e+02 6.892636e+12 
4.100000e+02 6.181403e+12 
4.110000e+02 6.522477e+12 
4.120000e+02 6.846797e+12 
4.130000e+02 5.637767e+12 
4.140000e+02 5.476172e+12 
4.150000e+02 1.114916e+13 
4.160000e+02 8.587338e+12 
4.170000e+02 6.895166e+12 
4.180000e+02 1.163259e+13 
4.190000e+02 1.011896e+13 
