0.000000e+00 0.000000e+00 
1.000000e+00 -7.982131e-07 
2.000000e+00 -7.878433e-07 
3.000000e+00 -7.760932e-07 
4.000000e+00 -7.707239e-07 
5.000000e+00 -7.552828e-07 
6.000000e+00 -7.881799e-07 
7.000000e+00 -7.645389e-07 
8.000000e+00 -7.838654e-07 
9.000000e+00 -7.675814e-07 
1.000000e+01 -7.646468e-07 
1.100000e+01 -7.054774e-07 
1.200000e+01 -7.389501e-07 
1.300000e+01 -7.563997e-07 
1.400000e+01 -7.372359e-07 
1.500000e+01 -7.740569e-07 
1.600000e+01 -7.550522e-07 
1.700000e+01 -7.277993e-07 
1.800000e+01 -7.244634e-07 
1.900000e+01 -7.305463e-07 
2.000000e+01 -7.665774e-07 
2.100000e+01 -7.496214e-07 
2.200000e+01 -7.444975e-07 
2.300000e+01 -7.341314e-07 
2.400000e+01 -7.283685e-07 
2.500000e+01 -7.500274e-07 
2.600000e+01 -7.589920e-07 
2.700000e+01 -7.532791e-07 
2.800000e+01 -7.326185e-07 
2.900000e+01 -7.228637e-07 
3.000000e+01 -7.190924e-07 
3.100000e+01 -7.060505e-07 
3.200000e+01 -7.043668e-07 
3.300000e+01 -7.158649e-07 
3.400000e+01 -7.208198e-07 
3.500000e+01 -7.296871e-07 
3.600000e+01 -6.954876e-07 
3.700000e+01 -6.830695e-07 
3.800000e+01 -7.224682e-07 
3.900000e+01 -7.047893e-07 
4.000000e+01 -7.053602e-07 
4.100000e+01 -7.290922e-07 
4.200000e+01 -7.465428e-07 
4.300000e+01 -7.306508e-07 
4.400000e+01 -7.059566e-07 
4.500000e+01 -7.035417e-07 
4.600000e+01 -7.088864e-07 
4.700000e+01 -7.122204e-07 
4.800000e+01 -6.695287e-07 
4.900000e+01 -7.103371e-07 
5.000000e+01 -6.811721e-07 
5.100000e+01 -6.952402e-07 
5.200000e+01 -7.173713e-07 
5.300000e+01 -6.786236e-07 
5.400000e+01 -7.040163e-07 
5.500000e+01 -6.729344e-07 
5.600000e+01 -6.984447e-07 
5.700000e+01 -7.028447e-07 
5.800000e+01 -6.964238e-07 
5.900000e+01 -6.983972e-07 
6.000000e+01 -6.772951e-07 
6.100000e+01 -6.855512e-07 
6.200000e+01 -6.797524e-07 
6.300000e+01 -7.044923e-07 
6.400000e+01 -6.909713e-07 
6.500000e+01 -6.700844e-07 
6.600000e+01 -6.901874e-07 
6.700000e+01 -6.778847e-07 
6.800000e+01 -6.751080e-07 
6.900000e+01 -6.942205e-07 
7.000000e+01 -6.929885e-07 
7.100000e+01 -6.763727e-07 
7.200000e+01 -6.735242e-07 
7.300000e+01 -6.545762e-07 
7.400000e+01 -6.777975e-07 
7.500000e+01 -6.679350e-07 
7.600000e+01 -6.710994e-07 
7.700000e+01 -6.677694e-07 
7.800000e+01 -6.514604e-07 
7.900000e+01 -6.587707e-07 
8.000000e+01 -6.578507e-07 
8.100000e+01 -6.748822e-07 
8.200000e+01 -6.312194e-07 
8.300000e+01 -6.380669e-07 
8.400000e+01 -6.531829e-07 
8.500000e+01 -6.493638e-07 
8.600000e+01 -6.414053e-07 
8.700000e+01 -6.384374e-07 
8.800000e+01 -6.276730e-07 
8.900000e+01 -6.371998e-07 
9.000000e+01 -6.458807e-07 
9.100000e+01 -6.541760e-07 
9.200000e+01 -6.380409e-07 
9.300000e+01 -6.372289e-07 
9.400000e+01 -6.243116e-07 
9.500000e+01 -6.269732e-07 
9.600000e+01 -6.285035e-07 
9.700000e+01 -6.401733e-07 
9.800000e+01 -6.289252e-07 
9.900000e+01 -6.291633e-07 
1.000000e+02 -6.350520e-07 
1.010000e+02 -6.286999e-07 
1.020000e+02 -6.118346e-07 
1.030000e+02 -6.577989e-07 
1.040000e+02 -6.402789e-07 
1.050000e+02 -5.956794e-07 
1.060000e+02 -6.042781e-07 
1.070000e+02 -6.266821e-07 
1.080000e+02 -6.069141e-07 
1.090000e+02 -6.124464e-07 
1.100000e+02 -5.965385e-07 
1.110000e+02 -6.274489e-07 
1.120000e+02 -5.994684e-07 
1.130000e+02 -6.035413e-07 
1.140000e+02 -6.016984e-07 
1.150000e+02 -5.863636e-07 
1.160000e+02 -5.955458e-07 
1.170000e+02 -6.071589e-07 
1.180000e+02 -6.011119e-07 
1.190000e+02 -5.891364e-07 
1.200000e+02 -5.876549e-07 
1.210000e+02 -6.029185e-07 
1.220000e+02 -5.808652e-07 
1.230000e+02 -5.900020e-07 
1.240000e+02 -5.823548e-07 
1.250000e+02 -5.734717e-07 
1.260000e+02 -5.794211e-07 
1.270000e+02 -5.810834e-07 
1.280000e+02 -5.915098e-07 
1.290000e+02 -5.785969e-07 
1.300000e+02 -5.529763e-07 
1.310000e+02 -5.747892e-07 
1.320000e+02 -5.578110e-07 
1.330000e+02 -5.497202e-07 
1.340000e+02 -5.428171e-07 
1.350000e+02 -5.496091e-07 
1.360000e+02 -5.505160e-07 
1.370000e+02 -5.420528e-07 
1.380000e+02 -5.213311e-07 
1.390000e+02 -5.284478e-07 
1.400000e+02 -5.282703e-07 
1.410000e+02 -5.130617e-07 
1.420000e+02 -5.029439e-07 
1.430000e+02 -4.921139e-07 
1.440000e+02 -4.794220e-07 
1.450000e+02 -4.540791e-07 
1.460000e+02 -4.552871e-07 
1.470000e+02 -4.283760e-07 
1.480000e+02 -3.972417e-07 
1.490000e+02 -3.443684e-07 
1.500000e+02 -2.363152e-07 
1.510000e+02 -1.275042e-07 
1.520000e+02 -4.896130e-08 
1.530000e+02 -3.990375e-08 
1.540000e+02 -2.294169e-08 
1.550000e+02 -1.961393e-08 
1.560000e+02 -1.761006e-08 
1.570000e+02 -6.105184e-09 
1.580000e+02 -1.130876e-08 
1.590000e+02 -1.323053e-08 
1.600000e+02 -6.641065e-09 
1.610000e+02 4.286509e-09 
1.620000e+02 8.364030e-09 
1.630000e+02 -1.065415e-09 
1.640000e+02 1.270094e-08 
1.650000e+02 9.378451e-09 
1.660000e+02 1.175954e-08 
1.670000e+02 2.133058e-08 
1.680000e+02 2.962616e-08 
1.690000e+02 2.724160e-08 
1.700000e+02 2.798595e-08 
1.710000e+02 3.977800e-08 
1.720000e+02 4.089261e-08 
1.730000e+02 4.397208e-08 
1.740000e+02 4.566635e-08 
1.750000e+02 5.337378e-08 
1.760000e+02 5.493900e-08 
1.770000e+02 6.155511e-08 
1.780000e+02 5.977710e-08 
1.790000e+02 7.156650e-08 
1.800000e+02 6.658686e-08 
1.810000e+02 7.305887e-08 
1.820000e+02 7.088716e-08 
1.830000e+02 8.955726e-08 
1.840000e+02 9.149109e-08 
1.850000e+02 9.137657e-08 
1.860000e+02 9.511691e-08 
1.870000e+02 9.689850e-08 
1.880000e+02 9.232937e-08 
1.890000e+02 1.047141e-07 
1.900000e+02 1.043925e-07 
1.910000e+02 1.071374e-07 
1.920000e+02 1.100895e-07 
1.930000e+02 1.112584e-07 
1.940000e+02 1.285004e-07 
1.950000e+02 1.245007e-07 
1.960000e+02 1.330186e-07 
1.970000e+02 1.304284e-07 
1.980000e+02 1.313360e-07 
1.990000e+02 1.390908e-07 
2.000000e+02 1.438496e-07 
2.010000e+02 1.573907e-07 
2.020000e+02 1.603676e-07 
2.030000e+02 1.559950e-07 
2.040000e+02 1.630175e-07 
2.050000e+02 1.670202e-07 
2.060000e+02 1.778758e-07 
2.070000e+02 1.852452e-07 
2.080000e+02 1.971408e-07 
2.090000e+02 1.999286e-07 
2.100000e+02 2.090680e-07 
2.110000e+02 2.160725e-07 
2.120000e+02 2.145899e-07 
2.130000e+02 2.042176e-07 
2.140000e+02 2.061247e-07 
2.150000e+02 2.211511e-07 
2.160000e+02 2.255650e-07 
2.170000e+02 2.402148e-07 
2.180000e+02 2.302521e-07 
2.190000e+02 2.353749e-07 
2.200000e+02 2.358958e-07 
2.210000e+02 2.512934e-07 
2.220000e+02 2.490421e-07 
2.230000e+02 2.513090e-07 
2.240000e+02 2.445273e-07 
2.250000e+02 2.601112e-07 
2.260000e+02 2.592172e-07 
2.270000e+02 2.564224e-07 
2.280000e+02 2.532144e-07 
2.290000e+02 2.560884e-07 
2.300000e+02 2.636928e-07 
2.310000e+02 2.760405e-07 
2.320000e+02 2.713453e-07 
2.330000e+02 2.741817e-07 
2.340000e+02 2.909410e-07 
2.350000e+02 2.918544e-07 
2.360000e+02 2.871762e-07 
2.370000e+02 2.918683e-07 
2.380000e+02 2.892829e-07 
2.390000e+02 3.000653e-07 
2.400000e+02 2.936519e-07 
2.410000e+02 2.823454e-07 
2.420000e+02 3.023598e-07 
2.430000e+02 2.983664e-07 
2.440000e+02 3.043280e-07 
2.450000e+02 3.107531e-07 
2.460000e+02 3.171471e-07 
2.470000e+02 3.296748e-07 
2.480000e+02 3.263839e-07 
2.490000e+02 3.340636e-07 
2.500000e+02 3.406939e-07 
2.510000e+02 3.267372e-07 
2.520000e+02 3.461046e-07 
2.530000e+02 3.472569e-07 
2.540000e+02 3.332538e-07 
2.550000e+02 3.531499e-07 
2.560000e+02 3.516640e-07 
2.570000e+02 3.510242e-07 
2.580000e+02 3.629944e-07 
2.590000e+02 3.704646e-07 
2.600000e+02 3.600787e-07 
2.610000e+02 3.614720e-07 
2.620000e+02 3.714100e-07 
2.630000e+02 3.848830e-07 
2.640000e+02 3.786082e-07 
2.650000e+02 3.858623e-07 
2.660000e+02 3.994366e-07 
2.670000e+02 4.029393e-07 
2.680000e+02 4.028074e-07 
2.690000e+02 4.026013e-07 
2.700000e+02 4.045060e-07 
2.710000e+02 4.186366e-07 
2.720000e+02 4.167793e-07 
2.730000e+02 4.207551e-07 
2.740000e+02 4.188043e-07 
2.750000e+02 4.231954e-07 
2.760000e+02 4.269736e-07 
2.770000e+02 4.282151e-07 
2.780000e+02 4.249146e-07 
2.790000e+02 4.428498e-07 
2.800000e+02 4.312348e-07 
2.810000e+02 4.387764e-07 
2.820000e+02 4.426505e-07 
2.830000e+02 4.422554e-07 
2.840000e+02 4.479758e-07 
2.850000e+02 4.491865e-07 
2.860000e+02 4.465055e-07 
2.870000e+02 4.414346e-07 
2.880000e+02 4.422156e-07 
2.890000e+02 4.580686e-07 
2.900000e+02 4.434390e-07 
2.910000e+02 4.570583e-07 
2.920000e+02 4.602805e-07 
2.930000e+02 4.687524e-07 
2.940000e+02 4.640953e-07 
2.950000e+02 4.591046e-07 
2.960000e+02 4.837674e-07 
2.970000e+02 4.736747e-07 
2.980000e+02 4.814530e-07 
2.990000e+02 4.882051e-07 
3.000000e+02 4.934723e-07 
3.010000e+02 4.873559e-07 
3.020000e+02 4.826174e-07 
3.030000e+02 4.943499e-07 
3.040000e+02 4.977130e-07 
3.050000e+02 4.861785e-07 
3.060000e+02 4.904112e-07 
3.070000e+02 4.934157e-07 
3.080000e+02 4.866412e-07 
3.090000e+02 5.058170e-07 
3.100000e+02 4.914176e-07 
3.110000e+02 5.010241e-07 
3.120000e+02 4.986935e-07 
3.130000e+02 5.006327e-07 
3.140000e+02 5.065152e-07 
3.150000e+02 5.095076e-07 
3.160000e+02 5.197903e-07 
3.170000e+02 5.180776e-07 
3.180000e+02 5.248206e-07 
3.190000e+02 5.163402e-07 
3.200000e+02 5.269629e-07 
3.210000e+02 5.204375e-07 
3.220000e+02 5.446851e-07 
3.230000e+02 5.287960e-07 
3.240000e+02 5.370853e-07 
3.250000e+02 5.478974e-07 
3.260000e+02 5.327934e-07 
3.270000e+02 5.241997e-07 
3.280000e+02 5.355456e-07 
3.290000e+02 5.505734e-07 
3.300000e+02 5.386562e-07 
3.310000e+02 5.258831e-07 
3.320000e+02 5.321287e-07 
3.330000e+02 5.443251e-07 
3.340000e+02 5.512246e-07 
3.350000e+02 5.454842e-07 
3.360000e+02 5.421935e-07 
3.370000e+02 5.591994e-07 
3.380000e+02 5.595696e-07 
3.390000e+02 5.538811e-07 
3.400000e+02 5.479016e-07 
3.410000e+02 5.539453e-07 
3.420000e+02 5.700988e-07 
3.430000e+02 5.799455e-07 
3.440000e+02 5.630221e-07 
3.450000e+02 5.761115e-07 
3.460000e+02 5.813456e-07 
3.470000e+02 5.817436e-07 
3.480000e+02 5.904673e-07 
3.490000e+02 5.858480e-07 
3.500000e+02 5.928418e-07 
3.510000e+02 5.733377e-07 
3.520000e+02 5.843655e-07 
3.530000e+02 6.078819e-07 
3.540000e+02 5.834751e-07 
3.550000e+02 5.752077e-07 
3.560000e+02 5.983740e-07 
3.570000e+02 5.765641e-07 
3.580000e+02 5.838902e-07 
3.590000e+02 5.871385e-07 
3.600000e+02 6.014714e-07 
3.610000e+02 6.171074e-07 
3.620000e+02 6.198714e-07 
3.630000e+02 6.096164e-07 
3.640000e+02 5.879859e-07 
3.650000e+02 6.110827e-07 
3.660000e+02 6.198184e-07 
3.670000e+02 6.157350e-07 
3.680000e+02 6.244848e-07 
3.690000e+02 6.383109e-07 
3.700000e+02 6.411100e-07 
3.710000e+02 6.204175e-07 
3.720000e+02 6.196622e-07 
3.730000e+02 6.401266e-07 
3.740000e+02 6.195710e-07 
3.750000e+02 6.344769e-07 
3.760000e+02 6.278763e-07 
3.770000e+02 6.362399e-07 
3.780000e+02 6.565781e-07 
3.790000e+02 6.868636e-07 
3.800000e+02 7.016073e-07 
3.810000e+02 6.792688e-07 
3.820000e+02 6.697452e-07 
3.830000e+02 6.646225e-07 
3.840000e+02 7.113886e-07 
3.850000e+02 6.804748e-07 
3.860000e+02 6.680810e-07 
3.870000e+02 6.887411e-07 
3.880000e+02 6.927207e-07 
3.890000e+02 6.759304e-07 
3.900000e+02 6.688599e-07 
3.910000e+02 6.945166e-07 
3.920000e+02 7.134673e-07 
3.930000e+02 6.931138e-07 
3.940000e+02 7.073766e-07 
3.950000e+02 7.242699e-07 
3.960000e+02 7.107867e-07 
3.970000e+02 7.053431e-07 
3.980000e+02 7.213880e-07 
3.990000e+02 6.785054e-07 
4.000000e+02 7.118525e-07 
4.010000e+02 7.074885e-07 
4.020000e+02 7.140716e-07 
4.030000e+02 7.232003e-07 
4.040000e+02 7.223205e-07 
4.050000e+02 7.048705e-07 
4.060000e+02 7.017076e-07 
4.070000e+02 7.296645e-07 
4.080000e+02 7.310542e-07 
4.090000e+02 7.283011e-07 
4.100000e+02 7.182307e-07 
4.110000e+02 6.904567e-07 
4.120000e+02 7.099103e-07 
4.130000e+02 7.203201e-07 
4.140000e+02 7.358811e-07 
4.150000e+02 7.257814e-07 
4.160000e+02 7.130216e-07 
4.170000e+02 7.495576e-07 
4.180000e+02 7.810736e-07 
4.190000e+02 0.000000e+00 
