0.000000e+00 4.435782e+10 
1.000000e+00 4.112547e+10 
2.000000e+00 3.820854e+10 
3.000000e+00 3.637663e+10 
4.000000e+00 3.495235e+10 
5.000000e+00 3.387757e+10 
6.000000e+00 3.294455e+10 
7.000000e+00 3.201651e+10 
8.000000e+00 3.128173e+10 
9.000000e+00 3.060840e+10 
1.000000e+01 3.007057e+10 
1.100000e+01 2.954559e+10 
1.200000e+01 2.901218e+10 
1.300000e+01 2.855419e+10 
1.400000e+01 2.813986e+10 
1.500000e+01 2.780508e+10 
1.600000e+01 2.747608e+10 
1.700000e+01 2.717658e+10 
1.800000e+01 2.697937e+10 
1.900000e+01 2.672013e+10 
2.000000e+01 2.643896e+10 
2.100000e+01 2.613475e+10 
2.200000e+01 2.591234e+10 
2.300000e+01 2.565051e+10 
2.400000e+01 2.557387e+10 
2.500000e+01 2.537090e+10 
2.600000e+01 2.524896e+10 
2.700000e+01 2.516420e+10 
2.800000e+01 2.503592e+10 
2.900000e+01 2.489574e+10 
3.000000e+01 2.486086e+10 
3.100000e+01 2.488928e+10 
3.200000e+01 2.484130e+10 
3.300000e+01 2.472892e+10 
3.400000e+01 2.473257e+10 
3.500000e+01 2.478887e+10 
3.600000e+01 2.477824e+10 
3.700000e+01 2.475169e+10 
3.800000e+01 2.475052e+10 
3.900000e+01 2.482110e+10 
4.000000e+01 2.485506e+10 
4.100000e+01 2.494280e+10 
4.200000e+01 2.497817e+10 
4.300000e+01 2.504014e+10 
4.400000e+01 2.515580e+10 
4.500000e+01 2.524348e+10 
4.600000e+01 2.539144e+10 
4.700000e+01 2.556807e+10 
4.800000e+01 2.560472e+10 
4.900000e+01 2.567997e+10 
5.000000e+01 2.578826e+10 
5.100000e+01 2.588590e+10 
5.200000e+01 2.602278e+10 
5.300000e+01 2.606075e+10 
5.400000e+01 2.623239e+10 
5.500000e+01 2.638562e+10 
5.600000e+01 2.640011e+10 
5.700000e+01 2.649405e+10 
5.800000e+01 2.667717e+10 
5.900000e+01 2.676724e+10 
6.000000e+01 2.689558e+10 
6.100000e+01 2.710098e+10 
6.200000e+01 2.718796e+10 
6.300000e+01 2.726811e+10 
6.400000e+01 2.740674e+10 
6.500000e+01 2.760339e+10 
6.600000e+01 2.775248e+10 
6.700000e+01 2.789510e+10 
6.800000e+01 2.808161e+10 
6.900000e+01 2.817245e+10 
7.000000e+01 2.825780e+10 
7.100000e+01 2.837923e+10 
7.200000e+01 2.851424e+10 
7.300000e+01 2.865645e+10 
7.400000e+01 2.878310e+10 
7.500000e+01 2.899653e+10 
7.600000e+01 2.914236e+10 
7.700000e+01 2.929123e+10 
7.800000e+01 2.945896e+10 
7.900000e+01 2.953380e+10 
8.000000e+01 2.959738e+10 
8.100000e+01 2.975825e+10 
8.200000e+01 2.989449e+10 
8.300000e+01 3.000905e+10 
8.400000e+01 3.018404e+10 
8.500000e+01 3.037540e+10 
8.600000e+01 3.046013e+10 
8.700000e+01 3.057346e+10 
8.800000e+01 3.071402e+10 
8.900000e+01 3.087368e+10 
9.000000e+01 3.099711e+10 
9.100000e+01 3.113203e+10 
9.200000e+01 3.133325e+10 
9.300000e+01 3.152123e+10 
9.400000e+01 3.162185e+10 
9.500000e+01 3.177848e+10 
9.600000e+01 3.183497e+10 
9.700000e+01 3.196919e+10 
9.800000e+01 3.210369e+10 
9.900000e+01 3.227495e+10 
1.000000e+02 3.240177e+10 
1.010000e+02 3.247330e+10 
1.020000e+02 3.267633e+10 
1.030000e+02 3.285330e+10 
1.040000e+02 3.295020e+10 
1.050000e+02 3.306824e+10 
1.060000e+02 3.319262e+10 
1.070000e+02 3.336622e+10 
1.080000e+02 3.346297e+10 
1.090000e+02 3.358345e+10 
1.100000e+02 3.377114e+10 
1.110000e+02 3.391578e+10 
1.120000e+02 3.408728e+10 
1.130000e+02 3.424670e+10 
1.140000e+02 3.437630e+10 
1.150000e+02 3.453738e+10 
1.160000e+02 3.467054e+10 
1.170000e+02 3.481293e+10 
1.180000e+02 3.498872e+10 
1.190000e+02 3.514411e+10 
1.200000e+02 3.530094e+10 
1.210000e+02 3.542557e+10 
1.220000e+02 3.555251e+10 
1.230000e+02 3.571776e+10 
1.240000e+02 3.581919e+10 
1.250000e+02 3.587393e+10 
1.260000e+02 3.598774e+10 
1.270000e+02 3.615637e+10 
1.280000e+02 3.631967e+10 
1.290000e+02 3.640185e+10 
1.300000e+02 3.652393e+10 
1.310000e+02 3.667025e+10 
1.320000e+02 3.681875e+10 
1.330000e+02 3.698265e+10 
1.340000e+02 3.720007e+10 
1.350000e+02 3.722702e+10 
1.360000e+02 3.736216e+10 
1.370000e+02 3.748641e+10 
1.380000e+02 3.760192e+10 
1.390000e+02 3.774000e+10 
1.400000e+02 3.782584e+10 
1.410000e+02 3.789758e+10 
1.420000e+02 3.802338e+10 
1.430000e+02 3.817074e+10 
1.440000e+02 3.830305e+10 
1.450000e+02 3.838950e+10 
1.460000e+02 3.843560e+10 
1.470000e+02 3.853367e+10 
1.480000e+02 3.867391e+10 
1.490000e+02 3.882716e+10 
1.500000e+02 3.894764e+10 
1.510000e+02 3.902820e+10 
1.520000e+02 3.917189e+10 
1.530000e+02 3.930254e+10 
1.540000e+02 3.951043e+10 
1.550000e+02 3.958977e+10 
1.560000e+02 3.972083e+10 
1.570000e+02 3.981330e+10 
1.580000e+02 3.986948e+10 
1.590000e+02 4.000898e+10 
1.600000e+02 4.019150e+10 
1.610000e+02 4.033794e+10 
1.620000e+02 4.050126e+10 
1.630000e+02 4.058607e+10 
1.640000e+02 4.066693e+10 
1.650000e+02 4.077259e+10 
1.660000e+02 4.084082e+10 
1.670000e+02 4.097180e+10 
1.680000e+02 4.112226e+10 
1.690000e+02 4.124071e+10 
1.700000e+02 4.126627e+10 
1.710000e+02 4.136096e+10 
1.720000e+02 4.145614e+10 
1.730000e+02 4.158282e+10 
1.740000e+02 4.167420e+10 
1.750000e+02 4.174640e+10 
1.760000e+02 4.177498e+10 
1.770000e+02 4.188762e+10 
1.780000e+02 4.208321e+10 
1.790000e+02 4.215405e+10 
1.800000e+02 4.222020e+10 
1.810000e+02 4.236299e+10 
1.820000e+02 4.249601e+10 
1.830000e+02 4.251581e+10 
1.840000e+02 4.265163e+10 
1.850000e+02 4.268981e+10 
1.860000e+02 4.269032e+10 
1.870000e+02 4.272048e+10 
1.880000e+02 4.275521e+10 
1.890000e+02 4.280078e+10 
1.900000e+02 4.287147e+10 
1.910000e+02 4.295738e+10 
1.920000e+02 4.310620e+10 
1.930000e+02 4.323125e+10 
1.940000e+02 4.324111e+10 
1.950000e+02 4.333683e+10 
1.960000e+02 4.346866e+10 
1.970000e+02 4.348416e+10 
1.980000e+02 4.349112e+10 
1.990000e+02 4.363675e+10 
2.000000e+02 4.369455e+10 
2.010000e+02 4.375609e+10 
2.020000e+02 4.380889e+10 
2.030000e+02 4.398160e+10 
2.040000e+02 4.405932e+10 
2.050000e+02 4.409679e+10 
2.060000e+02 4.413891e+10 
2.070000e+02 4.420357e+10 
2.080000e+02 4.426273e+10 
2.090000e+02 4.430370e+10 
2.100000e+02 4.434901e+10 
2.110000e+02 4.445028e+10 
2.120000e+02 4.456738e+10 
2.130000e+02 4.462683e+10 
2.140000e+02 4.464819e+10 
2.150000e+02 4.476138e+10 
2.160000e+02 4.471039e+10 
2.170000e+02 4.477417e+10 
2.180000e+02 4.481453e+10 
2.190000e+02 4.480321e+10 
2.200000e+02 4.481292e+10 
2.210000e+02 4.487687e+10 
2.220000e+02 4.493452e+10 
2.230000e+02 4.496350e+10 
2.240000e+02 4.492986e+10 
2.250000e+02 4.505332e+10 
2.260000e+02 4.513210e+10 
2.270000e+02 4.516748e+10 
2.280000e+02 4.525325e+10 
2.290000e+02 4.521878e+10 
2.300000e+02 4.525649e+10 
2.310000e+02 4.526570e+10 
2.320000e+02 4.528292e+10 
2.330000e+02 4.522667e+10 
2.340000e+02 4.526132e+10 
2.350000e+02 4.523538e+10 
2.360000e+02 4.519933e+10 
2.370000e+02 4.522872e+10 
2.380000e+02 4.530208e+10 
2.390000e+02 4.530557e+10 
2.400000e+02 4.534955e+10 
2.410000e+02 4.540543e+10 
2.420000e+02 4.534811e+10 
2.430000e+02 4.534946e+10 
2.440000e+02 4.537435e+10 
2.450000e+02 4.533397e+10 
2.460000e+02 4.541520e+10 
2.470000e+02 4.539325e+10 
2.480000e+02 4.539909e+10 
2.490000e+02 4.539948e+10 
2.500000e+02 4.539421e+10 
2.510000e+02 4.536653e+10 
2.520000e+02 4.532177e+10 
2.530000e+02 4.526366e+10 
2.540000e+02 4.533715e+10 
2.550000e+02 4.530163e+10 
2.560000e+02 4.530287e+10 
2.570000e+02 4.520920e+10 
2.580000e+02 4.514447e+10 
2.590000e+02 4.517856e+10 
2.600000e+02 4.518237e+10 
2.610000e+02 4.511640e+10 
2.620000e+02 4.518401e+10 
2.630000e+02 4.516881e+10 
2.640000e+02 4.509871e+10 
2.650000e+02 4.505471e+10 
2.660000e+02 4.500484e+10 
2.670000e+02 4.503516e+10 
2.680000e+02 4.506684e+10 
2.690000e+02 4.503016e+10 
2.700000e+02 4.493450e+10 
2.710000e+02 4.481028e+10 
2.720000e+02 4.472198e+10 
2.730000e+02 4.469987e+10 
2.740000e+02 4.461941e+10 
2.750000e+02 4.471081e+10 
2.760000e+02 4.468170e+10 
2.770000e+02 4.464648e+10 
2.780000e+02 4.455979e+10 
2.790000e+02 4.459268e+10 
2.800000e+02 4.451640e+10 
2.810000e+02 4.451446e+10 
2.820000e+02 4.441547e+10 
2.830000e+02 4.433579e+10 
2.840000e+02 4.425366e+10 
2.850000e+02 4.423324e+10 
2.860000e+02 4.412010e+10 
2.870000e+02 4.408698e+10 
2.880000e+02 4.403091e+10 
2.890000e+02 4.400463e+10 
2.900000e+02 4.402162e+10 
2.910000e+02 4.387947e+10 
2.920000e+02 4.380151e+10 
2.930000e+02 4.369326e+10 
2.940000e+02 4.363695e+10 
2.950000e+02 4.357784e+10 
2.960000e+02 4.348956e+10 
2.970000e+02 4.334205e+10 
2.980000e+02 4.330665e+10 
2.990000e+02 4.326431e+10 
3.000000e+02 4.312606e+10 
3.010000e+02 4.302671e+10 
3.020000e+02 4.298605e+10 
3.030000e+02 4.296295e+10 
3.040000e+02 4.288387e+10 
3.050000e+02 4.277816e+10 
3.060000e+02 4.270071e+10 
3.070000e+02 4.263640e+10 
3.080000e+02 4.250356e+10 
3.090000e+02 4.245110e+10 
3.100000e+02 4.230616e+10 
3.110000e+02 4.221354e+10 
3.120000e+02 4.206798e+10 
3.130000e+02 4.189350e+10 
3.140000e+02 4.181353e+10 
3.150000e+02 4.168547e+10 
3.160000e+02 4.160133e+10 
3.170000e+02 4.152899e+10 
3.180000e+02 4.144897e+10 
3.190000e+02 4.132146e+10 
3.200000e+02 4.114900e+10 
3.210000e+02 4.106527e+10 
3.220000e+02 4.090865e+10 
3.230000e+02 4.085203e+10 
3.240000e+02 4.079259e+10 
3.250000e+02 4.067538e+10 
3.260000e+02 4.051359e+10 
3.270000e+02 4.035168e+10 
3.280000e+02 4.026910e+10 
3.290000e+02 4.010485e+10 
3.300000e+02 3.991532e+10 
3.310000e+02 3.982283e+10 
3.320000e+02 3.969454e+10 
3.330000e+02 3.955884e+10 
3.340000e+02 3.939109e+10 
3.350000e+02 3.928045e+10 
3.360000e+02 3.919365e+10 
3.370000e+02 3.908656e+10 
3.380000e+02 3.891382e+10 
3.390000e+02 3.883885e+10 
3.400000e+02 3.867557e+10 
3.410000e+02 3.856545e+10 
3.420000e+02 3.845641e+10 
3.430000e+02 3.828394e+10 
3.440000e+02 3.811347e+10 
3.450000e+02 3.804658e+10 
3.460000e+02 3.794046e+10 
3.470000e+02 3.781590e+10 
3.480000e+02 3.767278e+10 
3.490000e+02 3.758189e+10 
3.500000e+02 3.735372e+10 
3.510000e+02 3.725620e+10 
3.520000e+02 3.709752e+10 
3.530000e+02 3.693126e+10 
3.540000e+02 3.681378e+10 
3.550000e+02 3.662130e+10 
3.560000e+02 3.639785e+10 
3.570000e+02 3.634008e+10 
3.580000e+02 3.616470e+10 
3.590000e+02 3.603874e+10 
3.600000e+02 3.590110e+10 
3.610000e+02 3.576073e+10 
3.620000e+02 3.563874e+10 
3.630000e+02 3.553785e+10 
3.640000e+02 3.543090e+10 
3.650000e+02 3.531298e+10 
3.660000e+02 3.511553e+10 
3.670000e+02 3.492644e+10 
3.680000e+02 3.480953e+10 
3.690000e+02 3.467058e+10 
3.700000e+02 3.448583e+10 
3.710000e+02 3.432763e+10 
3.720000e+02 3.413402e+10 
3.730000e+02 3.404498e+10 
3.740000e+02 3.393636e+10 
3.750000e+02 3.383313e+10 
3.760000e+02 3.371277e+10 
3.770000e+02 3.358458e+10 
3.780000e+02 3.346830e+10 
3.790000e+02 3.339972e+10 
3.800000e+02 3.325436e+10 
3.810000e+02 3.317111e+10 
3.820000e+02 3.309807e+10 
3.830000e+02 3.291843e+10 
3.840000e+02 3.287409e+10 
3.850000e+02 3.286537e+10 
3.860000e+02 3.286012e+10 
3.870000e+02 3.288343e+10 
3.880000e+02 3.284771e+10 
3.890000e+02 3.287872e+10 
3.900000e+02 3.297644e+10 
3.910000e+02 3.308275e+10 
3.920000e+02 3.317536e+10 
3.930000e+02 3.322298e+10 
3.940000e+02 3.342333e+10 
3.950000e+02 3.358393e+10 
3.960000e+02 3.384527e+10 
3.970000e+02 3.418774e+10 
3.980000e+02 3.442386e+10 
3.990000e+02 3.468541e+10 
4.000000e+02 3.499721e+10 
4.010000e+02 3.539888e+10 
4.020000e+02 3.587994e+10 
4.030000e+02 3.645490e+10 
4.040000e+02 3.690940e+10 
4.050000e+02 3.755206e+10 
4.060000e+02 3.832652e+10 
4.070000e+02 3.908963e+10 
4.080000e+02 4.008946e+10 
4.090000e+02 4.103699e+10 
4.100000e+02 4.224724e+10 
4.110000e+02 4.351812e+10 
4.120000e+02 4.489899e+10 
4.130000e+02 4.647506e+10 
4.140000e+02 4.826332e+10 
4.150000e+02 5.057574e+10 
4.160000e+02 5.317643e+10 
4.170000e+02 5.641477e+10 
4.180000e+02 6.163099e+10 
4.190000e+02 6.783454e+10 
