0.000000e+00 -1.496279e-04 0.000000e+00 -7.497968e+02
1.000000e+00 -1.569316e-04 5.401885e-02 -7.476161e+02
2.000000e+00 -1.577418e-04 1.078808e-01 -7.454354e+02
3.000000e+00 -1.557739e-04 1.615850e-01 -7.432627e+02
4.000000e+00 -1.593069e-04 2.151334e-01 -7.410792e+02
5.000000e+00 -1.580893e-04 2.685225e-01 -7.388797e+02
6.000000e+00 -1.639301e-04 3.217535e-01 -7.366481e+02
7.000000e+00 -1.709153e-04 3.748205e-01 -7.343276e+02
8.000000e+00 -1.745400e-04 4.277167e-01 -7.319336e+02
9.000000e+00 -1.778920e-04 4.804383e-01 -7.294912e+02
1.000000e+01 -1.804229e-04 5.329821e-01 -7.270081e+02
1.100000e+01 -1.840473e-04 5.853454e-01 -7.244823e+02
1.200000e+01 -1.846510e-04 6.375246e-01 -7.219272e+02
1.300000e+01 -1.840864e-04 6.895193e-01 -7.193718e+02
1.400000e+01 -1.842177e-04 7.413298e-01 -7.168195e+02
1.500000e+01 -1.860680e-04 7.929561e-01 -7.142534e+02
1.600000e+01 -1.855878e-04 8.443963e-01 -7.116778e+02
1.700000e+01 -1.879075e-04 8.956510e-01 -7.090895e+02
1.800000e+01 -1.896279e-04 9.467177e-01 -7.064731e+02
1.900000e+01 -1.966457e-04 9.975948e-01 -7.037963e+02
2.000000e+01 -1.923551e-04 1.048275e+00 -7.011005e+02
2.100000e+01 -1.875916e-04 1.098763e+00 -6.984674e+02
2.200000e+01 -1.849409e-04 1.149064e+00 -6.958858e+02
2.300000e+01 -1.898210e-04 1.199180e+00 -6.932887e+02
2.400000e+01 -1.901788e-04 1.249105e+00 -6.906553e+02
2.500000e+01 -1.869222e-04 1.298841e+00 -6.880420e+02
2.600000e+01 -1.869135e-04 1.348390e+00 -6.854513e+02
2.700000e+01 -1.911886e-04 1.397751e+00 -6.828310e+02
2.800000e+01 -1.974678e-04 1.446922e+00 -6.801376e+02
2.900000e+01 -2.007798e-04 1.495895e+00 -6.773777e+02
3.000000e+01 -2.024172e-04 1.544667e+00 -6.745836e+02
3.100000e+01 -2.046779e-04 1.593237e+00 -6.717624e+02
3.200000e+01 -2.072186e-04 1.641602e+00 -6.689080e+02
3.300000e+01 -2.090559e-04 1.689760e+00 -6.660232e+02
3.400000e+01 -2.079399e-04 1.737709e+00 -6.631334e+02
3.500000e+01 -2.102278e-04 1.785450e+00 -6.602355e+02
3.600000e+01 -2.091547e-04 1.832981e+00 -6.573291e+02
3.700000e+01 -2.157248e-04 1.880303e+00 -6.543847e+02
3.800000e+01 -2.151770e-04 1.927409e+00 -6.513985e+02
3.900000e+01 -2.201176e-04 1.974299e+00 -6.483819e+02
4.000000e+01 -2.150507e-04 2.020970e+00 -6.453662e+02
4.100000e+01 -2.204302e-04 2.067425e+00 -6.423483e+02
4.200000e+01 -2.163690e-04 2.113661e+00 -6.393213e+02
4.300000e+01 -2.200868e-04 2.159679e+00 -6.362967e+02
4.400000e+01 -2.241953e-04 2.205478e+00 -6.332178e+02
4.500000e+01 -2.287742e-04 2.251052e+00 -6.300787e+02
4.600000e+01 -2.265530e-04 2.296398e+00 -6.269233e+02
4.700000e+01 -2.257101e-04 2.341517e+00 -6.237891e+02
4.800000e+01 -2.280762e-04 2.386411e+00 -6.206443e+02
4.900000e+01 -2.287972e-04 2.431076e+00 -6.174782e+02
5.000000e+01 -2.271231e-04 2.475513e+00 -6.143186e+02
5.100000e+01 -2.241840e-04 2.519722e+00 -6.111911e+02
5.200000e+01 -2.229133e-04 2.563707e+00 -6.080927e+02
5.300000e+01 -2.224418e-04 2.607470e+00 -6.050064e+02
5.400000e+01 -2.325367e-04 2.651010e+00 -6.018533e+02
5.500000e+01 -2.355408e-04 2.694317e+00 -5.986096e+02
5.600000e+01 -2.300402e-04 2.737389e+00 -5.953831e+02
5.700000e+01 -2.306539e-04 2.780230e+00 -5.921904e+02
5.800000e+01 -2.252913e-04 2.822842e+00 -5.890307e+02
5.900000e+01 -2.247746e-04 2.865227e+00 -5.859118e+02
6.000000e+01 -2.255792e-04 2.907389e+00 -5.827908e+02
6.100000e+01 -2.324797e-04 2.949324e+00 -5.796164e+02
6.200000e+01 -2.259847e-04 2.991027e+00 -5.764393e+02
6.300000e+01 -2.244282e-04 3.032504e+00 -5.733179e+02
6.400000e+01 -2.291234e-04 3.073757e+00 -5.701748e+02
6.500000e+01 -2.278548e-04 3.114780e+00 -5.670079e+02
6.600000e+01 -2.329346e-04 3.155576e+00 -5.638146e+02
6.700000e+01 -2.352163e-04 3.196138e+00 -5.605703e+02
6.800000e+01 -2.362958e-04 3.236466e+00 -5.573028e+02
6.900000e+01 -2.360808e-04 3.276557e+00 -5.540292e+02
7.000000e+01 -2.323064e-04 3.316412e+00 -5.507832e+02
7.100000e+01 -2.352792e-04 3.356035e+00 -5.475429e+02
7.200000e+01 -2.380277e-04 3.395422e+00 -5.442628e+02
7.300000e+01 -2.405286e-04 3.434572e+00 -5.409464e+02
7.400000e+01 -2.375698e-04 3.473481e+00 -5.376332e+02
7.500000e+01 -2.444225e-04 3.512152e+00 -5.342930e+02
7.600000e+01 -2.407445e-04 3.550579e+00 -5.309308e+02
7.700000e+01 -2.441350e-04 3.588765e+00 -5.275705e+02
7.800000e+01 -2.510926e-04 3.626707e+00 -5.241386e+02
7.900000e+01 -2.489203e-04 3.664398e+00 -5.206735e+02
8.000000e+01 -2.510606e-04 3.701840e+00 -5.172086e+02
8.100000e+01 -2.506193e-04 3.739031e+00 -5.137320e+02
8.200000e+01 -2.489770e-04 3.775972e+00 -5.102698e+02
8.300000e+01 -2.478285e-04 3.812663e+00 -5.068269e+02
8.400000e+01 -2.508658e-04 3.849107e+00 -5.033709e+02
8.500000e+01 -2.535304e-04 3.885299e+00 -4.998754e+02
8.600000e+01 -2.479119e-04 3.921239e+00 -4.964004e+02
8.700000e+01 -2.438281e-04 3.956930e+00 -4.929927e+02
8.800000e+01 -2.504554e-04 3.992377e+00 -4.895673e+02
8.900000e+01 -2.599287e-04 4.027574e+00 -4.860303e+02
9.000000e+01 -2.613276e-04 4.062511e+00 -4.824180e+02
9.100000e+01 -2.586443e-04 4.097187e+00 -4.788146e+02
9.200000e+01 -2.586679e-04 4.131604e+00 -4.752296e+02
9.300000e+01 -2.608700e-04 4.165762e+00 -4.716292e+02
9.400000e+01 -2.610717e-04 4.199660e+00 -4.680121e+02
9.500000e+01 -2.606779e-04 4.233296e+00 -4.643964e+02
9.600000e+01 -2.609565e-04 4.266672e+00 -4.607814e+02
9.700000e+01 -2.647601e-04 4.299787e+00 -4.571382e+02
9.800000e+01 -2.682115e-04 4.332637e+00 -4.534447e+02
9.900000e+01 -2.645839e-04 4.365219e+00 -4.497524e+02
1.000000e+02 -2.692559e-04 4.397536e+00 -4.460529e+02
1.010000e+02 -2.632256e-04 4.429584e+00 -4.423628e+02
1.020000e+02 -2.625691e-04 4.461369e+00 -4.387190e+02
1.030000e+02 -2.662500e-04 4.492891e+00 -4.350543e+02
1.040000e+02 -2.663738e-04 4.524147e+00 -4.313632e+02
1.050000e+02 -2.699717e-04 4.555137e+00 -4.276463e+02
1.060000e+02 -2.690578e-04 4.585857e+00 -4.239108e+02
1.070000e+02 -2.686653e-04 4.616307e+00 -4.201844e+02
1.080000e+02 -2.733758e-04 4.646489e+00 -4.164280e+02
1.090000e+02 -2.782985e-04 4.676398e+00 -4.126049e+02
1.100000e+02 -2.840475e-04 4.706028e+00 -4.087078e+02
1.110000e+02 -2.878940e-04 4.735374e+00 -4.047443e+02
1.120000e+02 -2.804344e-04 4.764432e+00 -4.008058e+02
1.130000e+02 -2.777405e-04 4.793210e+00 -3.969376e+02
1.140000e+02 -2.779422e-04 4.821710e+00 -3.930867e+02
1.150000e+02 -2.799764e-04 4.849932e+00 -3.892203e+02
1.160000e+02 -2.783578e-04 4.877875e+00 -3.853510e+02
1.170000e+02 -2.807253e-04 4.905538e+00 -3.814766e+02
1.180000e+02 -2.780070e-04 4.932922e+00 -3.776046e+02
1.190000e+02 -2.846050e-04 4.960027e+00 -3.737056e+02
1.200000e+02 -2.831575e-04 4.986847e+00 -3.697710e+02
1.210000e+02 -2.876276e-04 5.013384e+00 -3.658155e+02
1.220000e+02 -2.885300e-04 5.039634e+00 -3.618227e+02
1.230000e+02 -2.844156e-04 5.065595e+00 -3.578522e+02
1.240000e+02 -2.950490e-04 5.091272e+00 -3.538365e+02
1.250000e+02 -2.898626e-04 5.116654e+00 -3.497830e+02
1.260000e+02 -2.896540e-04 5.141746e+00 -3.457670e+02
1.270000e+02 -2.830406e-04 5.166548e+00 -3.417982e+02
1.280000e+02 -2.850071e-04 5.191067e+00 -3.378616e+02
1.290000e+02 -2.897792e-04 5.215301e+00 -3.338783e+02
1.300000e+02 -2.933684e-04 5.239246e+00 -3.298371e+02
1.310000e+02 -2.911434e-04 5.262897e+00 -3.257864e+02
1.320000e+02 -2.904139e-04 5.286257e+00 -3.217562e+02
1.330000e+02 -2.905848e-04 5.309326e+00 -3.177299e+02
1.340000e+02 -2.969385e-04 5.332105e+00 -3.136583e+02
1.350000e+02 -3.003354e-04 5.354587e+00 -3.095192e+02
1.360000e+02 -3.036554e-04 5.376768e+00 -3.053335e+02
1.370000e+02 -2.915569e-04 5.398646e+00 -3.012087e+02
1.380000e+02 -2.931885e-04 5.420233e+00 -2.971564e+02
1.390000e+02 -3.004164e-04 5.441526e+00 -2.930427e+02
1.400000e+02 -3.060521e-04 5.462519e+00 -2.888399e+02
1.410000e+02 -3.056997e-04 5.483205e+00 -2.846004e+02
1.420000e+02 -2.948962e-04 5.503586e+00 -2.804383e+02
1.430000e+02 -2.997614e-04 5.523673e+00 -2.763173e+02
1.440000e+02 -3.123833e-04 5.543459e+00 -2.720751e+02
1.450000e+02 -3.104860e-04 5.562933e+00 -2.677586e+02
1.460000e+02 -3.134599e-04 5.582096e+00 -2.634346e+02
1.470000e+02 -3.127096e-04 5.600946e+00 -2.590953e+02
1.480000e+02 -3.005650e-04 5.619484e+00 -2.548453e+02
1.490000e+02 -2.990593e-04 5.637721e+00 -2.506899e+02
1.500000e+02 -3.033914e-04 5.655658e+00 -2.465149e+02
1.510000e+02 -3.086070e-04 5.673293e+00 -2.422737e+02
1.520000e+02 -3.107383e-04 5.690618e+00 -2.379816e+02
1.530000e+02 -3.063785e-04 5.707633e+00 -2.337050e+02
1.540000e+02 -3.019819e-04 5.724342e+00 -2.294890e+02
1.550000e+02 -2.988112e-04 5.740748e+00 -2.253255e+02
1.560000e+02 -3.036978e-04 5.756856e+00 -2.211501e+02
1.570000e+02 -3.073754e-04 5.772660e+00 -2.169154e+02
1.580000e+02 -3.087940e-04 5.788157e+00 -2.126453e+02
1.590000e+02 -3.147622e-04 5.803345e+00 -2.083241e+02
1.600000e+02 -3.160738e-04 5.818218e+00 -2.039523e+02
1.610000e+02 -3.132914e-04 5.832775e+00 -1.995908e+02
1.620000e+02 -3.129464e-04 5.847019e+00 -1.952510e+02
1.630000e+02 -3.126136e-04 5.860950e+00 -1.909158e+02
1.640000e+02 -3.074663e-04 5.874568e+00 -1.866187e+02
1.650000e+02 -3.021995e-04 5.887879e+00 -1.823937e+02
1.660000e+02 -3.013163e-04 5.900888e+00 -1.782113e+02
1.670000e+02 -3.093443e-04 5.913595e+00 -1.739794e+02
1.680000e+02 -3.019028e-04 5.925993e+00 -1.697435e+02
1.690000e+02 -2.993995e-04 5.938089e+00 -1.655764e+02
1.700000e+02 -3.058797e-04 5.949885e+00 -1.613818e+02
1.710000e+02 -3.194131e-04 5.961376e+00 -1.570485e+02
1.720000e+02 -3.135109e-04 5.972547e+00 -1.526624e+02
1.730000e+02 -3.074338e-04 5.983405e+00 -1.483592e+02
1.740000e+02 -3.137420e-04 5.993956e+00 -1.440544e+02
1.750000e+02 -3.271896e-04 6.004192e+00 -1.396128e+02
1.760000e+02 -3.114967e-04 6.014102e+00 -1.351867e+02
1.770000e+02 -3.106241e-04 6.023700e+00 -1.308753e+02
1.780000e+02 -3.115818e-04 6.032987e+00 -1.265634e+02
1.790000e+02 -3.100535e-04 6.041963e+00 -1.222555e+02
1.800000e+02 -3.076032e-04 6.050628e+00 -1.179751e+02
1.810000e+02 -3.098857e-04 6.058986e+00 -1.136959e+02
1.820000e+02 -3.070196e-04 6.067035e+00 -1.094207e+02
1.830000e+02 -3.174698e-04 6.074776e+00 -1.050930e+02
1.840000e+02 -2.989578e-04 6.082200e+00 -1.008212e+02
1.850000e+02 -3.049599e-04 6.089324e+00 -9.663600e+01
1.860000e+02 -3.087559e-04 6.096144e+00 -9.238294e+01
1.870000e+02 -2.960366e-04 6.102655e+00 -8.819171e+01
1.880000e+02 -2.986263e-04 6.108870e+00 -8.407068e+01
1.890000e+02 -3.055610e-04 6.114786e+00 -7.988365e+01
1.900000e+02 -3.088117e-04 6.120397e+00 -7.562604e+01
1.910000e+02 -2.962964e-04 6.125699e+00 -7.143263e+01
1.920000e+02 -3.088371e-04 6.130705e+00 -6.723904e+01
1.930000e+02 -3.095882e-04 6.135402e+00 -6.295334e+01
1.940000e+02 -3.194099e-04 6.139789e+00 -5.859437e+01
1.950000e+02 -3.126460e-04 6.143857e+00 -5.421421e+01
1.960000e+02 -2.934356e-04 6.147612e+00 -5.001405e+01
1.970000e+02 -3.119546e-04 6.151074e+00 -4.581868e+01
1.980000e+02 -3.171721e-04 6.154224e+00 -4.145882e+01
1.990000e+02 -3.095852e-04 6.157057e+00 -3.711538e+01
2.000000e+02 -3.218075e-04 6.159580e+00 -3.273981e+01
2.010000e+02 -3.157199e-04 6.161781e+00 -2.832173e+01
2.020000e+02 -3.068718e-04 6.163666e+00 -2.400716e+01
2.030000e+02 -3.054079e-04 6.165245e+00 -1.976405e+01
2.040000e+02 -3.048480e-04 6.166518e+00 -1.553496e+01
2.050000e+02 -3.062478e-04 6.167487e+00 -1.130005e+01
2.060000e+02 -2.953698e-04 6.168149e+00 -7.130830e+00
2.070000e+02 -3.009177e-04 6.168516e+00 -2.998544e+00
2.080000e+02 -3.098907e-04 6.168582e+00 1.234371e+00
2.090000e+02 -2.931859e-04 6.168338e+00 5.413704e+00
2.100000e+02 -2.983506e-04 6.167800e+00 9.513064e+00
2.110000e+02 -3.138740e-04 6.166965e+00 1.375579e+01
2.120000e+02 -3.260684e-04 6.165815e+00 1.819061e+01
2.130000e+02 -3.187141e-04 6.164340e+00 2.265897e+01
2.140000e+02 -3.129700e-04 6.162546e+00 2.703655e+01
2.150000e+02 -3.083367e-04 6.160439e+00 3.134222e+01
2.160000e+02 -3.018834e-04 6.158023e+00 3.557106e+01
2.170000e+02 -3.119219e-04 6.155306e+00 3.982474e+01
2.180000e+02 -3.060141e-04 6.152276e+00 4.410705e+01
2.190000e+02 -3.154767e-04 6.148941e+00 4.841400e+01
2.200000e+02 -3.055337e-04 6.145290e+00 5.271761e+01
2.210000e+02 -3.014881e-04 6.141334e+00 5.692429e+01
2.220000e+02 -3.076210e-04 6.137076e+00 6.114542e+01
2.230000e+02 -3.163595e-04 6.132511e+00 6.546962e+01
2.240000e+02 -3.214426e-04 6.127629e+00 6.988960e+01
2.250000e+02 -3.120442e-04 6.122426e+00 7.427968e+01
2.260000e+02 -3.162198e-04 6.116910e+00 7.863356e+01
2.270000e+02 -3.056833e-04 6.111079e+00 8.294337e+01
2.280000e+02 -2.960782e-04 6.104942e+00 8.711359e+01
2.290000e+02 -2.994281e-04 6.098508e+00 9.124046e+01
2.300000e+02 -3.152296e-04 6.091776e+00 9.550005e+01
2.310000e+02 -3.222914e-04 6.084728e+00 9.991808e+01
2.320000e+02 -3.270943e-04 6.077358e+00 1.044183e+02
2.330000e+02 -3.209819e-04 6.069660e+00 1.089095e+02
2.340000e+02 -3.038549e-04 6.061642e+00 1.132397e+02
2.350000e+02 -3.158817e-04 6.053320e+00 1.175344e+02
2.360000e+02 -3.183083e-04 6.044682e+00 1.219294e+02
2.370000e+02 -3.126812e-04 6.035725e+00 1.263022e+02
2.380000e+02 -3.064146e-04 6.026456e+00 1.305925e+02
2.390000e+02 -3.158047e-04 6.016881e+00 1.349045e+02
2.400000e+02 -3.250226e-04 6.006990e+00 1.393455e+02
2.410000e+02 -3.177573e-04 5.996773e+00 1.437999e+02
2.420000e+02 -3.200174e-04 5.986239e+00 1.482197e+02
2.430000e+02 -3.273966e-04 5.975385e+00 1.527063e+02
2.440000e+02 -3.224755e-04 5.964204e+00 1.572099e+02
2.450000e+02 -3.161193e-04 5.952700e+00 1.616354e+02
2.460000e+02 -3.158977e-04 5.940880e+00 1.660153e+02
2.470000e+02 -3.271210e-04 5.928744e+00 1.704714e+02
2.480000e+02 -3.276617e-04 5.916281e+00 1.750091e+02
2.490000e+02 -3.350956e-04 5.903490e+00 1.796020e+02
2.500000e+02 -3.326851e-04 5.890365e+00 1.842298e+02
2.510000e+02 -3.268035e-04 5.876906e+00 1.888000e+02
2.520000e+02 -3.225145e-04 5.863121e+00 1.932998e+02
2.530000e+02 -3.336291e-04 5.849013e+00 1.978469e+02
2.540000e+02 -3.302185e-04 5.834571e+00 2.024474e+02
2.550000e+02 -3.305967e-04 5.819800e+00 2.070268e+02
2.560000e+02 -3.310547e-04 5.804698e+00 2.116121e+02
2.570000e+02 -3.331588e-04 5.789264e+00 2.162151e+02
2.580000e+02 -3.223174e-04 5.773498e+00 2.207576e+02
2.590000e+02 -3.230255e-04 5.757409e+00 2.252298e+02
2.600000e+02 -3.279809e-04 5.740997e+00 2.297413e+02
2.610000e+02 -3.157036e-04 5.724257e+00 2.342021e+02
2.620000e+02 -3.179445e-04 5.707202e+00 2.385933e+02
2.630000e+02 -3.131434e-04 5.689828e+00 2.429667e+02
2.640000e+02 -3.145906e-04 5.672142e+00 2.473169e+02
2.650000e+02 -3.250218e-04 5.654141e+00 2.517494e+02
2.660000e+02 -3.312523e-04 5.635815e+00 2.562974e+02
2.670000e+02 -3.348751e-04 5.617157e+00 2.609137e+02
2.680000e+02 -3.417715e-04 5.598165e+00 2.656029e+02
2.690000e+02 -3.289563e-04 5.578831e+00 2.702511e+02
2.700000e+02 -3.282996e-04 5.559168e+00 2.748058e+02
2.710000e+02 -3.288713e-04 5.539176e+00 2.793601e+02
2.720000e+02 -3.244388e-04 5.518856e+00 2.838875e+02
2.730000e+02 -3.290230e-04 5.498211e+00 2.884160e+02
2.740000e+02 -3.338948e-04 5.477238e+00 2.930101e+02
2.750000e+02 -3.282955e-04 5.455930e+00 2.975990e+02
2.760000e+02 -3.299065e-04 5.434294e+00 3.021604e+02
2.770000e+02 -3.330315e-04 5.412328e+00 3.067546e+02
2.780000e+02 -3.363053e-04 5.390030e+00 3.113931e+02
2.790000e+02 -3.371256e-04 5.367395e+00 3.160600e+02
2.800000e+02 -3.256617e-04 5.344422e+00 3.206531e+02
2.810000e+02 -3.211232e-04 5.321124e+00 3.251353e+02
2.820000e+02 -3.281862e-04 5.297505e+00 3.296351e+02
2.830000e+02 -3.230863e-04 5.273558e+00 3.341484e+02
2.840000e+02 -3.258240e-04 5.249288e+00 3.386454e+02
2.850000e+02 -3.328191e-04 5.224692e+00 3.432098e+02
2.860000e+02 -3.291640e-04 5.199763e+00 3.477973e+02
2.870000e+02 -3.424721e-04 5.174505e+00 3.524518e+02
2.880000e+02 -3.303951e-04 5.148904e+00 3.571148e+02
2.890000e+02 -3.337138e-04 5.122973e+00 3.617171e+02
2.900000e+02 -3.387690e-04 5.096708e+00 3.663774e+02
2.910000e+02 -3.291219e-04 5.070105e+00 3.710059e+02
2.920000e+02 -3.267890e-04 5.043172e+00 3.755514e+02
2.930000e+02 -3.305249e-04 5.015913e+00 3.801066e+02
2.940000e+02 -3.268374e-04 4.988323e+00 3.846621e+02
2.950000e+02 -3.256621e-04 4.960406e+00 3.891839e+02
2.960000e+02 -3.370511e-04 4.932164e+00 3.937765e+02
2.970000e+02 -3.397056e-04 4.903585e+00 3.984665e+02
2.980000e+02 -3.454845e-04 4.874665e+00 4.032149e+02
2.990000e+02 -3.408579e-04 4.845401e+00 4.079712e+02
3.000000e+02 -3.382562e-04 4.815795e+00 4.126775e+02
3.010000e+02 -3.270045e-04 4.785852e+00 4.172878e+02
3.020000e+02 -3.377118e-04 4.755581e+00 4.218943e+02
3.030000e+02 -3.318847e-04 4.724972e+00 4.265346e+02
3.040000e+02 -3.203115e-04 4.694032e+00 4.310543e+02
3.050000e+02 -3.218542e-04 4.662771e+00 4.355046e+02
3.060000e+02 -3.225169e-04 4.631189e+00 4.399701e+02
3.070000e+02 -3.341163e-04 4.599284e+00 4.445205e+02
3.080000e+02 -3.427628e-04 4.567045e+00 4.492113e+02
3.090000e+02 -3.390811e-04 4.534463e+00 4.539365e+02
3.100000e+02 -3.340791e-04 4.501542e+00 4.586015e+02
3.110000e+02 -3.229368e-04 4.468287e+00 4.631547e+02
3.120000e+02 -3.290117e-04 4.434709e+00 4.676727e+02
3.130000e+02 -3.254902e-04 4.400802e+00 4.722084e+02
3.140000e+02 -3.266038e-04 4.366569e+00 4.767274e+02
3.150000e+02 -3.331998e-04 4.332010e+00 4.812999e+02
3.160000e+02 -3.261623e-04 4.297118e+00 4.858693e+02
3.170000e+02 -3.151953e-04 4.261899e+00 4.903139e+02
3.180000e+02 -3.078026e-04 4.226366e+00 4.946313e+02
3.190000e+02 -3.022072e-04 4.190524e+00 4.988587e+02
3.200000e+02 -3.051003e-04 4.154380e+00 5.030673e+02
3.210000e+02 -3.089639e-04 4.117932e+00 5.073228e+02
3.220000e+02 -3.012781e-04 4.081174e+00 5.115518e+02
3.230000e+02 -3.064927e-04 4.044115e+00 5.157636e+02
3.240000e+02 -3.146438e-04 4.006749e+00 5.200681e+02
3.250000e+02 -3.191163e-04 3.969069e+00 5.244601e+02
3.260000e+02 -3.170781e-04 3.931070e+00 5.288689e+02
3.270000e+02 -3.199598e-04 3.892754e+00 5.332836e+02
3.280000e+02 -3.087721e-04 3.854117e+00 5.376408e+02
3.290000e+02 -3.034190e-04 3.815172e+00 5.418833e+02
3.300000e+02 -3.118829e-04 3.775924e+00 5.461473e+02
3.310000e+02 -3.195404e-04 3.736363e+00 5.505231e+02
3.320000e+02 -3.159346e-04 3.696483e+00 5.549269e+02
3.330000e+02 -3.157515e-04 3.656287e+00 5.593045e+02
3.340000e+02 -3.180123e-04 3.615776e+00 5.636965e+02
3.350000e+02 -3.144034e-04 3.574946e+00 5.680792e+02
3.360000e+02 -3.051188e-04 3.533802e+00 5.723725e+02
3.370000e+02 -2.968924e-04 3.492353e+00 5.765445e+02
3.380000e+02 -2.950387e-04 3.450607e+00 5.806465e+02
3.390000e+02 -2.990266e-04 3.408566e+00 5.847634e+02
3.400000e+02 -2.994165e-04 3.366226e+00 5.889107e+02
3.410000e+02 -2.957249e-04 3.323586e+00 5.930350e+02
3.420000e+02 -2.935457e-04 3.280651e+00 5.971187e+02
3.430000e+02 -2.967788e-04 3.237422e+00 6.012096e+02
3.440000e+02 -2.961325e-04 3.193897e+00 6.053185e+02
3.450000e+02 -2.888397e-04 3.150075e+00 6.093724e+02
3.460000e+02 -2.932222e-04 3.105964e+00 6.134061e+02
3.470000e+02 -2.964347e-04 3.061561e+00 6.174924e+02
3.480000e+02 -2.927489e-04 3.016860e+00 6.215755e+02
3.490000e+02 -2.910521e-04 2.971868e+00 6.256212e+02
3.500000e+02 -2.999382e-04 2.926584e+00 6.297168e+02
3.510000e+02 -3.002244e-04 2.881000e+00 6.338759e+02
3.520000e+02 -3.017775e-04 2.835115e+00 6.380478e+02
3.530000e+02 -2.934816e-04 2.788929e+00 6.421730e+02
3.540000e+02 -2.850534e-04 2.742450e+00 6.461822e+02
3.550000e+02 -2.822826e-04 2.695686e+00 6.501139e+02
3.560000e+02 -2.864831e-04 2.648639e+00 6.540554e+02
3.570000e+02 -2.849760e-04 2.601306e+00 6.580157e+02
3.580000e+02 -2.893669e-04 2.553687e+00 6.619959e+02
3.590000e+02 -2.912534e-04 2.505780e+00 6.660196e+02
3.600000e+02 -2.830523e-04 2.457581e+00 6.699995e+02
3.610000e+02 -2.831924e-04 2.409099e+00 6.739236e+02
3.620000e+02 -2.799330e-04 2.360334e+00 6.778261e+02
3.630000e+02 -2.683068e-04 2.311289e+00 6.816254e+02
3.640000e+02 -2.746756e-04 2.261976e+00 6.853883e+02
3.650000e+02 -2.726980e-04 2.212388e+00 6.891816e+02
3.660000e+02 -2.702989e-04 2.162527e+00 6.929446e+02
3.670000e+02 -2.713520e-04 2.112396e+00 6.966982e+02
3.680000e+02 -2.734137e-04 2.061994e+00 7.004735e+02
3.690000e+02 -2.783424e-04 2.011318e+00 7.042972e+02
3.700000e+02 -2.758645e-04 1.960364e+00 7.081378e+02
3.710000e+02 -2.665762e-04 1.909134e+00 7.118969e+02
3.720000e+02 -2.643771e-04 1.857637e+00 7.155765e+02
3.730000e+02 -2.608144e-04 1.805876e+00 7.192161e+02
3.740000e+02 -2.638636e-04 1.753855e+00 7.228521e+02
3.750000e+02 -2.605668e-04 1.701569e+00 7.264864e+02
3.760000e+02 -2.587910e-04 1.649023e+00 7.300856e+02
3.770000e+02 -2.545445e-04 1.596218e+00 7.336430e+02
3.780000e+02 -2.599966e-04 1.543158e+00 7.372088e+02
3.790000e+02 -2.641407e-04 1.489839e+00 7.408410e+02
3.800000e+02 -2.666437e-04 1.436255e+00 7.445194e+02
3.810000e+02 -2.651343e-04 1.382405e+00 7.482046e+02
3.820000e+02 -2.670128e-04 1.328289e+00 7.518924e+02
3.830000e+02 -2.655982e-04 1.273907e+00 7.555834e+02
3.840000e+02 -2.627400e-04 1.219259e+00 7.592448e+02
3.850000e+02 -2.603175e-04 1.164348e+00 7.628696e+02
3.860000e+02 -2.583838e-04 1.109177e+00 7.664642e+02
3.870000e+02 -2.593320e-04 1.053748e+00 7.700520e+02
3.880000e+02 -2.608315e-04 9.980589e-01 7.736568e+02
3.890000e+02 -2.556665e-04 9.421093e-01 7.772361e+02
3.900000e+02 -2.519767e-04 8.859040e-01 7.807541e+02
3.910000e+02 -2.561479e-04 8.294467e-01 7.842754e+02
3.920000e+02 -2.506911e-04 7.727333e-01 7.877878e+02
3.930000e+02 -2.528719e-04 7.157692e-01 7.912775e+02
3.940000e+02 -2.481013e-04 6.585522e-01 7.947493e+02
3.950000e+02 -2.493176e-04 6.010871e-01 7.981964e+02
3.960000e+02 -2.489872e-04 5.433727e-01 8.016496e+02
3.970000e+02 -2.414345e-04 4.854093e-01 8.050483e+02
3.980000e+02 -2.332894e-04 4.272045e-01 8.083381e+02
3.990000e+02 -2.363221e-04 3.687663e-01 8.115925e+02
4.000000e+02 -2.326581e-04 3.100919e-01 8.148426e+02
4.010000e+02 -2.334198e-04 2.511848e-01 8.180725e+02
4.020000e+02 -2.305616e-04 1.920443e-01 8.212879e+02
4.030000e+02 -2.235948e-04 1.326732e-01 8.244352e+02
4.040000e+02 -2.323798e-04 7.307854e-02 8.275951e+02
4.050000e+02 -2.366791e-04 1.325148e-02 8.308457e+02
4.060000e+02 -2.288271e-04 -4.681225e-02 8.340717e+02
4.070000e+02 -2.254859e-04 -1.071048e-01 8.372201e+02
4.080000e+02 -2.299971e-04 -1.676229e-01 8.403766e+02
4.090000e+02 -2.260939e-04 -2.283709e-01 8.435373e+02
4.100000e+02 -2.189340e-04 -2.893450e-01 8.466214e+02
4.110000e+02 -2.158768e-04 -3.505381e-01 8.496346e+02
4.120000e+02 -2.111000e-04 -4.119470e-01 8.525936e+02
4.130000e+02 -2.075386e-04 -4.735671e-01 8.554948e+02
4.140000e+02 -2.072920e-04 -5.353947e-01 8.583695e+02
4.150000e+02 -2.052965e-04 -5.974296e-01 8.612288e+02
4.160000e+02 -2.013185e-04 -6.596697e-01 8.640466e+02
4.170000e+02 -2.006029e-04 -7.221112e-01 8.668320e+02
4.180000e+02 8.473954e-01 -7.847533e-01 8.695672e+02
4.190000e+02 -1.870890e-04 -8.475895e-01 8.723025e+02
