0.000000e+00 0.000000e+00 
1.000000e+00 -2.660307e-05 
2.000000e+00 -2.628124e-05 
3.000000e+00 -2.604235e-05 
4.000000e+00 -2.599549e-05 
5.000000e+00 -2.561967e-05 
6.000000e+00 -2.566384e-05 
7.000000e+00 -2.573993e-05 
8.000000e+00 -2.542028e-05 
9.000000e+00 -2.545412e-05 
1.000000e+01 -2.496356e-05 
1.100000e+01 -2.548777e-05 
1.200000e+01 -2.500175e-05 
1.300000e+01 -2.485400e-05 
1.400000e+01 -2.476337e-05 
1.500000e+01 -2.481680e-05 
1.600000e+01 -2.457961e-05 
1.700000e+01 -2.407873e-05 
1.800000e+01 -2.407567e-05 
1.900000e+01 -2.375539e-05 
2.000000e+01 -2.346997e-05 
2.100000e+01 -2.359995e-05 
2.200000e+01 -2.359621e-05 
2.300000e+01 -2.343230e-05 
2.400000e+01 -2.343268e-05 
2.500000e+01 -2.332592e-05 
2.600000e+01 -2.290934e-05 
2.700000e+01 -2.270326e-05 
2.800000e+01 -2.236817e-05 
2.900000e+01 -2.256020e-05 
3.000000e+01 -2.203940e-05 
3.100000e+01 -2.211278e-05 
3.200000e+01 -2.225393e-05 
3.300000e+01 -2.191984e-05 
3.400000e+01 -2.176113e-05 
3.500000e+01 -2.188560e-05 
3.600000e+01 -2.186436e-05 
3.700000e+01 -2.182645e-05 
3.800000e+01 -2.159837e-05 
3.900000e+01 -2.133823e-05 
4.000000e+01 -2.132900e-05 
4.100000e+01 -2.091851e-05 
4.200000e+01 -2.132791e-05 
4.300000e+01 -2.087676e-05 
4.400000e+01 -2.056862e-05 
4.500000e+01 -2.041648e-05 
4.600000e+01 -2.033021e-05 
4.700000e+01 -2.033982e-05 
4.800000e+01 -2.047017e-05 
4.900000e+01 -2.027228e-05 
5.000000e+01 -1.998966e-05 
5.100000e+01 -1.994715e-05 
5.200000e+01 -1.975870e-05 
5.300000e+01 -1.938292e-05 
5.400000e+01 -1.944736e-05 
5.500000e+01 -1.941834e-05 
5.600000e+01 -1.939169e-05 
5.700000e+01 -1.920798e-05 
5.800000e+01 -1.898357e-05 
5.900000e+01 -1.866570e-05 
6.000000e+01 -1.869879e-05 
6.100000e+01 -1.870130e-05 
6.200000e+01 -1.851257e-05 
6.300000e+01 -1.842671e-05 
6.400000e+01 -1.837838e-05 
6.500000e+01 -1.807107e-05 
6.600000e+01 -1.778602e-05 
6.700000e+01 -1.814738e-05 
6.800000e+01 -1.786319e-05 
6.900000e+01 -1.761172e-05 
7.000000e+01 -1.779408e-05 
7.100000e+01 -1.748039e-05 
7.200000e+01 -1.733086e-05 
7.300000e+01 -1.706364e-05 
7.400000e+01 -1.703318e-05 
7.500000e+01 -1.698011e-05 
7.600000e+01 -1.669603e-05 
7.700000e+01 -1.663409e-05 
7.800000e+01 -1.642490e-05 
7.900000e+01 -1.659427e-05 
8.000000e+01 -1.651451e-05 
8.100000e+01 -1.617758e-05 
8.200000e+01 -1.607914e-05 
8.300000e+01 -1.569730e-05 
8.400000e+01 -1.570363e-05 
8.500000e+01 -1.571197e-05 
8.600000e+01 -1.537212e-05 
8.700000e+01 -1.534798e-05 
8.800000e+01 -1.533664e-05 
8.900000e+01 -1.511300e-05 
9.000000e+01 -1.518033e-05 
9.100000e+01 -1.504764e-05 
9.200000e+01 -1.467500e-05 
9.300000e+01 -1.478422e-05 
9.400000e+01 -1.448826e-05 
9.500000e+01 -1.478294e-05 
9.600000e+01 -1.455964e-05 
9.700000e+01 -1.462116e-05 
9.800000e+01 -1.423431e-05 
9.900000e+01 -1.399915e-05 
1.000000e+02 -1.393876e-05 
1.010000e+02 -1.398481e-05 
1.020000e+02 -1.380265e-05 
1.030000e+02 -1.375616e-05 
1.040000e+02 -1.336283e-05 
1.050000e+02 -1.345782e-05 
1.060000e+02 -1.336603e-05 
1.070000e+02 -1.328069e-05 
1.080000e+02 -1.313437e-05 
1.090000e+02 -1.313985e-05 
1.100000e+02 -1.299476e-05 
1.110000e+02 -1.272325e-05 
1.120000e+02 -1.251321e-05 
1.130000e+02 -1.255455e-05 
1.140000e+02 -1.214166e-05 
1.150000e+02 -1.200733e-05 
1.160000e+02 -1.214624e-05 
1.170000e+02 -1.198339e-05 
1.180000e+02 -1.189453e-05 
1.190000e+02 -1.185114e-05 
1.200000e+02 -1.143381e-05 
1.210000e+02 -1.147018e-05 
1.220000e+02 -1.172632e-05 
1.230000e+02 -1.137474e-05 
1.240000e+02 -1.108470e-05 
1.250000e+02 -1.110047e-05 
1.260000e+02 -1.095432e-05 
1.270000e+02 -1.080768e-05 
1.280000e+02 -1.087203e-05 
1.290000e+02 -1.075819e-05 
1.300000e+02 -1.041885e-05 
1.310000e+02 -1.038196e-05 
1.320000e+02 -1.041076e-05 
1.330000e+02 -1.019351e-05 
1.340000e+02 -1.002474e-05 
1.350000e+02 -9.800148e-06 
1.360000e+02 -9.784314e-06 
1.370000e+02 -9.742533e-06 
1.380000e+02 -9.606701e-06 
1.390000e+02 -9.367627e-06 
1.400000e+02 -9.569693e-06 
1.410000e+02 -9.413678e-06 
1.420000e+02 -9.158503e-06 
1.430000e+02 -8.870053e-06 
1.440000e+02 -9.002979e-06 
1.450000e+02 -8.873936e-06 
1.460000e+02 -8.675495e-06 
1.470000e+02 -8.518307e-06 
1.480000e+02 -8.290791e-06 
1.490000e+02 -8.052942e-06 
1.500000e+02 -8.320135e-06 
1.510000e+02 -8.352755e-06 
1.520000e+02 -8.096252e-06 
1.530000e+02 -8.054240e-06 
1.540000e+02 -7.791442e-06 
1.550000e+02 -7.487845e-06 
1.560000e+02 -7.606643e-06 
1.570000e+02 -7.610443e-06 
1.580000e+02 -7.441920e-06 
1.590000e+02 -7.334541e-06 
1.600000e+02 -7.052410e-06 
1.610000e+02 -7.044609e-06 
1.620000e+02 -6.816793e-06 
1.630000e+02 -6.777654e-06 
1.640000e+02 -6.650642e-06 
1.650000e+02 -6.683359e-06 
1.660000e+02 -6.501569e-06 
1.670000e+02 -6.373836e-06 
1.680000e+02 -6.257160e-06 
1.690000e+02 -6.261413e-06 
1.700000e+02 -6.087768e-06 
1.710000e+02 -5.933300e-06 
1.720000e+02 -5.800577e-06 
1.730000e+02 -5.631938e-06 
1.740000e+02 -5.708094e-06 
1.750000e+02 -5.513015e-06 
1.760000e+02 -5.349894e-06 
1.770000e+02 -5.163304e-06 
1.780000e+02 -5.280837e-06 
1.790000e+02 -5.045260e-06 
1.800000e+02 -4.862416e-06 
1.810000e+02 -4.864517e-06 
1.820000e+02 -4.769349e-06 
1.830000e+02 -4.696895e-06 
1.840000e+02 -4.515084e-06 
1.850000e+02 -4.363718e-06 
1.860000e+02 -4.313749e-06 
1.870000e+02 -4.163692e-06 
1.880000e+02 -4.131166e-06 
1.890000e+02 -3.874722e-06 
1.900000e+02 -3.850621e-06 
1.910000e+02 -3.589369e-06 
1.920000e+02 -3.617018e-06 
1.930000e+02 -3.574684e-06 
1.940000e+02 -3.429464e-06 
1.950000e+02 -3.261205e-06 
1.960000e+02 -3.160619e-06 
1.970000e+02 -3.011029e-06 
1.980000e+02 -2.943866e-06 
1.990000e+02 -2.866468e-06 
2.000000e+02 -2.760826e-06 
2.010000e+02 -2.555928e-06 
2.020000e+02 -2.520944e-06 
2.030000e+02 -2.391690e-06 
2.040000e+02 -2.300191e-06 
2.050000e+02 -2.116267e-06 
2.060000e+02 -2.163425e-06 
2.070000e+02 -1.886259e-06 
2.080000e+02 -1.988746e-06 
2.090000e+02 -1.805457e-06 
2.100000e+02 -1.633821e-06 
2.110000e+02 -1.536768e-06 
2.120000e+02 -1.378232e-06 
2.130000e+02 -1.367902e-06 
2.140000e+02 -1.251064e-06 
2.150000e+02 -1.180127e-06 
2.160000e+02 -1.022197e-06 
2.170000e+02 -9.235271e-07 
2.180000e+02 -8.065639e-07 
2.190000e+02 -7.785829e-07 
2.200000e+02 -6.098065e-07 
2.210000e+02 -3.861616e-07 
2.220000e+02 -2.707967e-07 
2.230000e+02 -2.525766e-07 
2.240000e+02 -1.411242e-07 
2.250000e+02 1.636314e-08 
2.260000e+02 1.575517e-07 
2.270000e+02 1.793169e-07 
2.280000e+02 4.010807e-07 
2.290000e+02 4.217190e-07 
2.300000e+02 5.644889e-07 
2.310000e+02 6.754836e-07 
2.320000e+02 7.891836e-07 
2.330000e+02 8.052055e-07 
2.340000e+02 9.395494e-07 
2.350000e+02 1.062247e-06 
2.360000e+02 1.225408e-06 
2.370000e+02 1.259314e-06 
2.380000e+02 1.342708e-06 
2.390000e+02 1.565024e-06 
2.400000e+02 1.569502e-06 
2.410000e+02 1.733446e-06 
2.420000e+02 1.924165e-06 
2.430000e+02 1.961696e-06 
2.440000e+02 2.060403e-06 
2.450000e+02 2.268288e-06 
2.460000e+02 2.334575e-06 
2.470000e+02 2.360389e-06 
2.480000e+02 2.666415e-06 
2.490000e+02 2.665307e-06 
2.500000e+02 2.699143e-06 
2.510000e+02 2.892076e-06 
2.520000e+02 3.016471e-06 
2.530000e+02 3.207863e-06 
2.540000e+02 3.184464e-06 
2.550000e+02 3.211142e-06 
2.560000e+02 3.466928e-06 
2.570000e+02 3.522070e-06 
2.580000e+02 3.578124e-06 
2.590000e+02 3.898783e-06 
2.600000e+02 3.949949e-06 
2.610000e+02 4.010754e-06 
2.620000e+02 4.132243e-06 
2.630000e+02 4.241919e-06 
2.640000e+02 4.386652e-06 
2.650000e+02 4.332492e-06 
2.660000e+02 4.555316e-06 
2.670000e+02 4.679075e-06 
2.680000e+02 4.643175e-06 
2.690000e+02 4.919143e-06 
2.700000e+02 4.986917e-06 
2.710000e+02 4.984983e-06 
2.720000e+02 5.269179e-06 
2.730000e+02 5.317380e-06 
2.740000e+02 5.491129e-06 
2.750000e+02 5.507882e-06 
2.760000e+02 5.849817e-06 
2.770000e+02 5.666031e-06 
2.780000e+02 5.763884e-06 
2.790000e+02 6.107477e-06 
2.800000e+02 6.118456e-06 
2.810000e+02 6.132765e-06 
2.820000e+02 6.260558e-06 
2.830000e+02 6.259875e-06 
2.840000e+02 6.535596e-06 
2.850000e+02 6.752277e-06 
2.860000e+02 6.881253e-06 
2.870000e+02 6.911153e-06 
2.880000e+02 7.117805e-06 
2.890000e+02 7.205474e-06 
2.900000e+02 7.141093e-06 
2.910000e+02 7.442951e-06 
2.920000e+02 7.454311e-06 
2.930000e+02 7.570767e-06 
2.940000e+02 7.676280e-06 
2.950000e+02 7.781360e-06 
2.960000e+02 7.941138e-06 
2.970000e+02 8.132857e-06 
2.980000e+02 8.107630e-06 
2.990000e+02 8.224936e-06 
3.000000e+02 8.264778e-06 
3.010000e+02 8.585567e-06 
3.020000e+02 8.588947e-06 
3.030000e+02 8.772048e-06 
3.040000e+02 8.899680e-06 
3.050000e+02 8.885007e-06 
3.060000e+02 9.242944e-06 
3.070000e+02 9.347481e-06 
3.080000e+02 9.323429e-06 
3.090000e+02 9.411381e-06 
3.100000e+02 9.327186e-06 
3.110000e+02 9.854861e-06 
3.120000e+02 9.804162e-06 
3.130000e+02 1.004115e-05 
3.140000e+02 1.014608e-05 
3.150000e+02 1.011927e-05 
3.160000e+02 1.026380e-05 
3.170000e+02 1.040191e-05 
3.180000e+02 1.054736e-05 
3.190000e+02 1.088545e-05 
3.200000e+02 1.083615e-05 
3.210000e+02 1.092901e-05 
3.220000e+02 1.129397e-05 
3.230000e+02 1.150753e-05 
3.240000e+02 1.137406e-05 
3.250000e+02 1.134070e-05 
3.260000e+02 1.134814e-05 
3.270000e+02 1.157320e-05 
3.280000e+02 1.190721e-05 
3.290000e+02 1.191330e-05 
3.300000e+02 1.207254e-05 
3.310000e+02 1.209291e-05 
3.320000e+02 1.214323e-05 
3.330000e+02 1.237479e-05 
3.340000e+02 1.256811e-05 
3.350000e+02 1.260045e-05 
3.360000e+02 1.237739e-05 
3.370000e+02 1.269919e-05 
3.380000e+02 1.298823e-05 
3.390000e+02 1.316271e-05 
3.400000e+02 1.341981e-05 
3.410000e+02 1.333489e-05 
3.420000e+02 1.333382e-05 
3.430000e+02 1.373937e-05 
3.440000e+02 1.360170e-05 
3.450000e+02 1.363798e-05 
3.460000e+02 1.405088e-05 
3.470000e+02 1.403807e-05 
3.480000e+02 1.448100e-05 
3.490000e+02 1.410064e-05 
3.500000e+02 1.397209e-05 
3.510000e+02 1.418459e-05 
3.520000e+02 1.455108e-05 
3.530000e+02 1.496202e-05 
3.540000e+02 1.474910e-05 
3.550000e+02 1.510928e-05 
3.560000e+02 1.506306e-05 
3.570000e+02 1.515091e-05 
3.580000e+02 1.552666e-05 
3.590000e+02 1.581134e-05 
3.600000e+02 1.542467e-05 
3.610000e+02 1.606246e-05 
3.620000e+02 1.600249e-05 
3.630000e+02 1.597347e-05 
3.640000e+02 1.620869e-05 
3.650000e+02 1.647100e-05 
3.660000e+02 1.657887e-05 
3.670000e+02 1.629500e-05 
3.680000e+02 1.685216e-05 
3.690000e+02 1.675924e-05 
3.700000e+02 1.724806e-05 
3.710000e+02 1.719900e-05 
3.720000e+02 1.713176e-05 
3.730000e+02 1.742631e-05 
3.740000e+02 1.758561e-05 
3.750000e+02 1.776338e-05 
3.760000e+02 1.757263e-05 
3.770000e+02 1.787484e-05 
3.780000e+02 1.837172e-05 
3.790000e+02 1.805959e-05 
3.800000e+02 1.831235e-05 
3.810000e+02 1.828893e-05 
3.820000e+02 1.864718e-05 
3.830000e+02 1.901179e-05 
3.840000e+02 1.894731e-05 
3.850000e+02 1.898530e-05 
3.860000e+02 1.906349e-05 
3.870000e+02 1.925081e-05 
3.880000e+02 1.928869e-05 
3.890000e+02 1.936602e-05 
3.900000e+02 1.936116e-05 
3.910000e+02 1.967279e-05 
3.920000e+02 1.988362e-05 
3.930000e+02 2.017996e-05 
3.940000e+02 2.038942e-05 
3.950000e+02 2.036249e-05 
3.960000e+02 2.051516e-05 
3.970000e+02 2.093815e-05 
3.980000e+02 2.047980e-05 
3.990000e+02 2.100792e-05 
4.000000e+02 2.088786e-05 
4.010000e+02 2.132662e-05 
4.020000e+02 2.161874e-05 
4.030000e+02 2.152307e-05 
4.040000e+02 2.198025e-05 
4.050000e+02 2.165868e-05 
4.060000e+02 2.204847e-05 
4.070000e+02 2.166930e-05 
4.080000e+02 2.220594e-05 
4.090000e+02 2.218176e-05 
4.100000e+02 2.233554e-05 
4.110000e+02 2.270237e-05 
4.120000e+02 2.287084e-05 
4.130000e+02 2.325618e-05 
4.140000e+02 2.281981e-05 
4.150000e+02 2.312909e-05 
4.160000e+02 2.371161e-05 
4.170000e+02 2.358611e-05 
4.180000e+02 2.380216e-05 
4.190000e+02 0.000000e+00 
