0.000000e+00 0.000000e+00 
1.000000e+00 -1.098549e-04 
2.000000e+00 -1.303016e-04 
3.000000e+00 -9.423421e-05 
4.000000e+00 -1.772533e-04 
5.000000e+00 -1.225857e-04 
6.000000e+00 -2.893849e-04 
7.000000e+00 -8.982151e-05 
8.000000e+00 -1.519916e-04 
9.000000e+00 -2.329914e-04 
1.000000e+01 -2.642787e-04 
1.100000e+01 -1.670860e-04 
1.200000e+01 -1.728179e-04 
1.300000e+01 -2.750040e-04 
1.400000e+01 -2.575769e-04 
1.500000e+01 -9.373154e-05 
1.600000e+01 -3.128967e-04 
1.700000e+01 -1.941338e-04 
1.800000e+01 -1.705892e-04 
1.900000e+01 -1.864996e-04 
2.000000e+01 -2.498992e-04 
2.100000e+01 -1.740320e-04 
2.200000e+01 -1.976495e-04 
2.300000e+01 -1.970875e-04 
2.400000e+01 -2.381964e-04 
2.500000e+01 -3.277628e-04 
2.600000e+01 -1.754333e-04 
2.700000e+01 -1.666103e-04 
2.800000e+01 -1.308434e-04 
2.900000e+01 -1.285797e-04 
3.000000e+01 -1.970579e-04 
3.100000e+01 -9.515725e-05 
3.200000e+01 -2.072854e-04 
3.300000e+01 -9.448806e-05 
3.400000e+01 -1.821406e-04 
3.500000e+01 -9.768023e-05 
3.600000e+01 -1.184276e-04 
3.700000e+01 -1.086929e-04 
3.800000e+01 -2.327051e-05 
3.900000e+01 -1.225989e-04 
4.000000e+01 -2.093324e-04 
4.100000e+01 -1.035311e-04 
4.200000e+01 -1.649621e-04 
4.300000e+01 -7.664339e-05 
4.400000e+01 -1.551124e-04 
4.500000e+01 -1.283790e-04 
4.600000e+01 2.441195e-05 
4.700000e+01 -2.044190e-04 
4.800000e+01 -1.398456e-04 
4.900000e+01 -1.041522e-04 
5.000000e+01 -8.852439e-05 
5.100000e+01 -2.569655e-05 
5.200000e+01 -1.084092e-04 
5.300000e+01 -1.013270e-04 
5.400000e+01 -8.547434e-05 
5.500000e+01 -5.593680e-05 
5.600000e+01 -4.501851e-05 
5.700000e+01 -2.760754e-05 
5.800000e+01 -3.022367e-05 
5.900000e+01 -3.489981e-05 
6.000000e+01 -1.223618e-04 
6.100000e+01 -1.060656e-04 
6.200000e+01 -7.170182e-07 
6.300000e+01 -6.451077e-05 
6.400000e+01 -8.588343e-05 
6.500000e+01 -2.552972e-05 
6.600000e+01 -1.167341e-05 
6.700000e+01 -2.259713e-05 
6.800000e+01 -7.738071e-05 
6.900000e+01 3.270503e-06 
7.000000e+01 -6.461625e-06 
7.100000e+01 7.360991e-06 
7.200000e+01 -9.441746e-05 
7.300000e+01 2.955090e-05 
7.400000e+01 -1.715289e-05 
7.500000e+01 -6.558699e-05 
7.600000e+01 3.883715e-05 
7.700000e+01 -4.494197e-05 
7.800000e+01 1.104367e-06 
7.900000e+01 -1.362230e-04 
8.000000e+01 2.470626e-05 
8.100000e+01 -3.665720e-06 
8.200000e+01 1.136390e-04 
8.300000e+01 -9.487045e-06 
8.400000e+01 4.901778e-05 
8.500000e+01 8.367839e-05 
8.600000e+01 8.170597e-05 
8.700000e+01 7.107735e-06 
8.800000e+01 1.639726e-05 
8.900000e+01 3.796739e-05 
9.000000e+01 3.543112e-05 
9.100000e+01 -1.201392e-05 
9.200000e+01 6.226666e-06 
9.300000e+01 9.113166e-06 
9.400000e+01 2.726075e-06 
9.500000e+01 -4.193621e-06 
9.600000e+01 3.206514e-05 
9.700000e+01 9.880794e-05 
9.800000e+01 6.675179e-05 
9.900000e+01 1.099436e-04 
1.000000e+02 3.504191e-05 
1.010000e+02 6.783381e-05 
1.020000e+02 9.731289e-05 
1.030000e+02 2.437638e-05 
1.040000e+02 1.177332e-04 
1.050000e+02 8.712735e-05 
1.060000e+02 8.566582e-05 
1.070000e+02 1.941586e-05 
1.080000e+02 1.823303e-04 
1.090000e+02 1.126440e-04 
1.100000e+02 1.374917e-06 
1.110000e+02 1.259931e-04 
1.120000e+02 8.558761e-05 
1.130000e+02 1.349444e-04 
1.140000e+02 8.968984e-05 
1.150000e+02 1.343751e-04 
1.160000e+02 9.734410e-05 
1.170000e+02 1.224444e-04 
1.180000e+02 1.377510e-04 
1.190000e+02 5.091801e-05 
1.200000e+02 9.008618e-05 
1.210000e+02 1.340386e-04 
1.220000e+02 2.122079e-04 
1.230000e+02 8.990084e-05 
1.240000e+02 9.175675e-05 
1.250000e+02 1.179932e-04 
1.260000e+02 1.437813e-04 
1.270000e+02 1.188662e-04 
1.280000e+02 1.585197e-04 
1.290000e+02 1.261004e-04 
1.300000e+02 1.354432e-04 
1.310000e+02 2.493820e-04 
1.320000e+02 2.234070e-04 
1.330000e+02 1.254525e-04 
1.340000e+02 1.469897e-04 
1.350000e+02 2.507670e-04 
1.360000e+02 1.687856e-04 
1.370000e+02 1.315623e-04 
1.380000e+02 1.035275e-04 
1.390000e+02 9.391099e-05 
1.400000e+02 1.846925e-04 
1.410000e+02 1.598412e-04 
1.420000e+02 1.644158e-04 
1.430000e+02 1.458536e-04 
1.440000e+02 1.430923e-04 
1.450000e+02 2.043343e-04 
1.460000e+02 1.439730e-04 
1.470000e+02 1.358907e-04 
1.480000e+02 1.889836e-04 
1.490000e+02 1.162593e-04 
1.500000e+02 2.005954e-04 
1.510000e+02 2.168730e-04 
1.520000e+02 1.720578e-04 
1.530000e+02 1.932963e-04 
1.540000e+02 2.237560e-04 
1.550000e+02 2.060238e-04 
1.560000e+02 2.003435e-04 
1.570000e+02 1.756788e-04 
1.580000e+02 1.816543e-04 
1.590000e+02 2.243278e-04 
1.600000e+02 1.509008e-04 
1.610000e+02 2.375749e-04 
1.620000e+02 2.213962e-04 
1.630000e+02 2.363699e-04 
1.640000e+02 2.453663e-04 
1.650000e+02 1.790815e-04 
1.660000e+02 2.541914e-04 
1.670000e+02 2.111372e-04 
1.680000e+02 2.526284e-04 
1.690000e+02 2.055917e-04 
1.700000e+02 2.148963e-04 
1.710000e+02 2.532441e-04 
1.720000e+02 2.692988e-04 
1.730000e+02 1.833353e-04 
1.740000e+02 2.653169e-04 
1.750000e+02 1.547531e-04 
1.760000e+02 2.705198e-04 
1.770000e+02 2.477974e-04 
1.780000e+02 2.329413e-04 
1.790000e+02 2.441073e-04 
1.800000e+02 2.808880e-04 
1.810000e+02 2.392117e-04 
1.820000e+02 2.585065e-04 
1.830000e+02 2.449284e-04 
1.840000e+02 3.113447e-04 
1.850000e+02 2.581360e-04 
1.860000e+02 2.731040e-04 
1.870000e+02 2.770193e-04 
1.880000e+02 2.701104e-04 
1.890000e+02 2.687994e-04 
1.900000e+02 2.647945e-04 
1.910000e+02 2.957065e-04 
1.920000e+02 2.896472e-04 
1.930000e+02 3.106408e-04 
1.940000e+02 2.991323e-04 
1.950000e+02 2.901724e-04 
1.960000e+02 3.019936e-04 
1.970000e+02 3.092003e-04 
1.980000e+02 2.976091e-04 
1.990000e+02 2.746470e-04 
2.000000e+02 3.151306e-04 
2.010000e+02 2.705722e-04 
2.020000e+02 3.869895e-04 
2.030000e+02 2.997002e-04 
2.040000e+02 2.849395e-04 
2.050000e+02 2.835105e-04 
2.060000e+02 3.189150e-04 
2.070000e+02 2.785746e-04 
2.080000e+02 3.452117e-04 
2.090000e+02 2.821631e-04 
2.100000e+02 3.721337e-04 
2.110000e+02 3.181644e-04 
2.120000e+02 3.799774e-04 
2.130000e+02 3.522124e-04 
2.140000e+02 3.760442e-04 
2.150000e+02 3.147494e-04 
2.160000e+02 3.925008e-04 
2.170000e+02 3.163054e-04 
2.180000e+02 3.510072e-04 
2.190000e+02 3.587335e-04 
2.200000e+02 3.748649e-04 
2.210000e+02 3.608333e-04 
2.220000e+02 3.939051e-04 
2.230000e+02 3.891415e-04 
2.240000e+02 3.364326e-04 
2.250000e+02 3.233634e-04 
2.260000e+02 3.795797e-04 
2.270000e+02 3.659558e-04 
2.280000e+02 3.820003e-04 
2.290000e+02 4.055575e-04 
2.300000e+02 3.962022e-04 
2.310000e+02 3.825099e-04 
2.320000e+02 3.951851e-04 
2.330000e+02 4.311633e-04 
2.340000e+02 4.704503e-04 
2.350000e+02 4.336083e-04 
2.360000e+02 4.020499e-04 
2.370000e+02 4.510117e-04 
2.380000e+02 3.976867e-04 
2.390000e+02 3.814934e-04 
2.400000e+02 3.954334e-04 
2.410000e+02 4.168051e-04 
2.420000e+02 3.821422e-04 
2.430000e+02 3.659328e-04 
2.440000e+02 3.808390e-04 
2.450000e+02 4.119079e-04 
2.460000e+02 4.236679e-04 
2.470000e+02 3.906080e-04 
2.480000e+02 3.920731e-04 
2.490000e+02 4.378121e-04 
2.500000e+02 3.909191e-04 
2.510000e+02 4.590914e-04 
2.520000e+02 4.284707e-04 
2.530000e+02 4.286302e-04 
2.540000e+02 4.415884e-04 
2.550000e+02 4.384789e-04 
2.560000e+02 4.129319e-04 
2.570000e+02 4.313845e-04 
2.580000e+02 4.121918e-04 
2.590000e+02 4.025150e-04 
2.600000e+02 4.066144e-04 
2.610000e+02 3.986589e-04 
2.620000e+02 3.964239e-04 
2.630000e+02 4.344529e-04 
2.640000e+02 4.137017e-04 
2.650000e+02 4.156599e-04 
2.660000e+02 4.311457e-04 
2.670000e+02 4.245396e-04 
2.680000e+02 4.193731e-04 
2.690000e+02 4.619986e-04 
2.700000e+02 4.036549e-04 
2.710000e+02 4.837688e-04 
2.720000e+02 4.862221e-04 
2.730000e+02 4.692059e-04 
2.740000e+02 4.547700e-04 
2.750000e+02 4.739828e-04 
2.760000e+02 5.320925e-04 
2.770000e+02 4.290929e-04 
2.780000e+02 4.955877e-04 
2.790000e+02 4.293189e-04 
2.800000e+02 4.506747e-04 
2.810000e+02 4.421284e-04 
2.820000e+02 4.892989e-04 
2.830000e+02 4.834554e-04 
2.840000e+02 4.297941e-04 
2.850000e+02 5.017772e-04 
2.860000e+02 4.572930e-04 
2.870000e+02 4.747322e-04 
2.880000e+02 4.726926e-04 
2.890000e+02 5.427770e-04 
2.900000e+02 5.083527e-04 
2.910000e+02 5.669007e-04 
2.920000e+02 4.822487e-04 
2.930000e+02 5.291844e-04 
2.940000e+02 5.176153e-04 
2.950000e+02 4.991460e-04 
2.960000e+02 5.131281e-04 
2.970000e+02 5.405780e-04 
2.980000e+02 4.671900e-04 
2.990000e+02 5.641347e-04 
3.000000e+02 5.179933e-04 
3.010000e+02 5.306781e-04 
3.020000e+02 5.161613e-04 
3.030000e+02 4.963851e-04 
3.040000e+02 5.564328e-04 
3.050000e+02 5.371117e-04 
3.060000e+02 4.863008e-04 
3.070000e+02 5.910654e-04 
3.080000e+02 6.146989e-04 
3.090000e+02 5.216089e-04 
3.100000e+02 5.579829e-04 
3.110000e+02 5.567432e-04 
3.120000e+02 5.658992e-04 
3.130000e+02 6.116737e-04 
3.140000e+02 5.413506e-04 
3.150000e+02 5.538996e-04 
3.160000e+02 5.442205e-04 
3.170000e+02 5.809181e-04 
3.180000e+02 5.940962e-04 
3.190000e+02 5.921932e-04 
3.200000e+02 5.480342e-04 
3.210000e+02 5.639911e-04 
3.220000e+02 6.236991e-04 
3.230000e+02 6.185224e-04 
3.240000e+02 5.989722e-04 
3.250000e+02 6.065520e-04 
3.260000e+02 5.889332e-04 
3.270000e+02 6.249178e-04 
3.280000e+02 6.059088e-04 
3.290000e+02 5.961198e-04 
3.300000e+02 6.094614e-04 
3.310000e+02 6.366266e-04 
3.320000e+02 6.371383e-04 
3.330000e+02 6.447387e-04 
3.340000e+02 6.188495e-04 
3.350000e+02 5.943171e-04 
3.360000e+02 6.823728e-04 
3.370000e+02 6.149545e-04 
3.380000e+02 6.413603e-04 
3.390000e+02 6.110863e-04 
3.400000e+02 6.714149e-04 
3.410000e+02 6.461601e-04 
3.420000e+02 7.264406e-04 
3.430000e+02 6.441777e-04 
3.440000e+02 6.288571e-04 
3.450000e+02 6.290140e-04 
3.460000e+02 6.153306e-04 
3.470000e+02 6.535248e-04 
3.480000e+02 6.611178e-04 
3.490000e+02 6.288831e-04 
3.500000e+02 6.659220e-04 
3.510000e+02 6.944045e-04 
3.520000e+02 7.040667e-04 
3.530000e+02 7.051845e-04 
3.540000e+02 7.322911e-04 
3.550000e+02 6.935273e-04 
3.560000e+02 6.469774e-04 
3.570000e+02 7.169784e-04 
3.580000e+02 6.179421e-04 
3.590000e+02 7.083387e-04 
3.600000e+02 7.170493e-04 
3.610000e+02 7.482774e-04 
3.620000e+02 7.276043e-04 
3.630000e+02 7.113264e-04 
3.640000e+02 7.615172e-04 
3.650000e+02 7.250591e-04 
3.660000e+02 7.145226e-04 
3.670000e+02 7.030787e-04 
3.680000e+02 7.362139e-04 
3.690000e+02 7.494862e-04 
3.700000e+02 6.878131e-04 
3.710000e+02 7.204559e-04 
3.720000e+02 7.210573e-04 
3.730000e+02 7.154388e-04 
3.740000e+02 7.454690e-04 
3.750000e+02 7.527339e-04 
3.760000e+02 7.261079e-04 
3.770000e+02 7.230083e-04 
3.780000e+02 7.741229e-04 
3.790000e+02 7.958375e-04 
3.800000e+02 6.977262e-04 
3.810000e+02 7.553314e-04 
3.820000e+02 7.154876e-04 
3.830000e+02 7.927936e-04 
3.840000e+02 8.295195e-04 
3.850000e+02 7.972154e-04 
3.860000e+02 7.942177e-04 
3.870000e+02 7.532185e-04 
3.880000e+02 7.795430e-04 
3.890000e+02 8.493148e-04 
3.900000e+02 7.941461e-04 
3.910000e+02 8.300407e-04 
3.920000e+02 7.547780e-04 
3.930000e+02 8.183084e-04 
3.940000e+02 7.755873e-04 
3.950000e+02 7.354046e-04 
3.960000e+02 7.364501e-04 
3.970000e+02 7.253408e-04 
3.980000e+02 7.625812e-04 
3.990000e+02 7.294747e-04 
4.000000e+02 6.970795e-04 
4.010000e+02 6.588548e-04 
4.020000e+02 6.959237e-04 
4.030000e+02 6.493435e-04 
4.040000e+02 6.088777e-04 
4.050000e+02 5.892803e-04 
4.060000e+02 5.850729e-04 
4.070000e+02 5.407947e-04 
4.080000e+02 5.589827e-04 
4.090000e+02 4.832715e-04 
4.100000e+02 5.036593e-04 
4.110000e+02 4.464056e-04 
4.120000e+02 4.328410e-04 
4.130000e+02 4.399401e-04 
4.140000e+02 3.843858e-04 
4.150000e+02 3.600328e-04 
4.160000e+02 3.427998e-04 
4.170000e+02 3.172023e-04 
4.180000e+02 2.704987e-04 
4.190000e+02 0.000000e+00 
