0.000000e+00 -5.731179e-05 0.000000e+00 -2.371781e+01
1.000000e+00 -6.380981e-07 1.708892e-03 -2.370774e+01
2.000000e+00 -8.128801e-07 3.417146e-03 -2.369767e+01
3.000000e+00 -9.803132e-07 5.124587e-03 -2.368523e+01
4.000000e+00 -9.912199e-07 6.831048e-03 -2.367156e+01
5.000000e+00 -1.105065e-06 8.536517e-03 -2.365701e+01
6.000000e+00 -9.412443e-07 1.024088e-02 -2.364281e+01
7.000000e+00 -1.186822e-06 1.194431e-02 -2.362805e+01
8.000000e+00 -1.185766e-06 1.364654e-02 -2.361159e+01
9.000000e+00 -1.087446e-06 1.534759e-02 -2.359582e+01
1.000000e+01 -1.077443e-06 1.704756e-02 -2.358080e+01
1.100000e+01 -1.143985e-06 1.874644e-02 -2.356539e+01
1.200000e+01 -1.127307e-06 2.044418e-02 -2.354963e+01
1.300000e+01 -1.198747e-06 2.214080e-02 -2.353349e+01
1.400000e+01 -1.293761e-06 2.383621e-02 -2.351620e+01
1.500000e+01 -1.285862e-06 2.553033e-02 -2.349830e+01
1.600000e+01 -1.315240e-06 2.722317e-02 -2.348025e+01
1.700000e+01 -1.090734e-06 2.891469e-02 -2.346356e+01
1.800000e+01 -1.098169e-06 3.060512e-02 -2.344838e+01
1.900000e+01 -1.382147e-06 3.229445e-02 -2.343117e+01
2.000000e+01 -1.411223e-06 3.398240e-02 -2.341179e+01
2.100000e+01 -1.426242e-06 3.566894e-02 -2.339210e+01
2.200000e+01 -1.326631e-06 3.735405e-02 -2.337300e+01
2.300000e+01 -1.249411e-06 3.903784e-02 -2.335513e+01
2.400000e+01 -1.436854e-06 4.072038e-02 -2.333649e+01
2.500000e+01 -1.506050e-06 4.240148e-02 -2.331608e+01
2.600000e+01 -1.537389e-06 4.408107e-02 -2.329496e+01
2.700000e+01 -1.385714e-06 4.575913e-02 -2.327468e+01
2.800000e+01 -1.408534e-06 4.743580e-02 -2.325529e+01
2.900000e+01 -1.365121e-06 4.911106e-02 -2.323605e+01
3.000000e+01 -1.551532e-06 5.078495e-02 -2.321582e+01
3.100000e+01 -1.404438e-06 5.245730e-02 -2.319531e+01
3.200000e+01 -1.406712e-06 5.412824e-02 -2.317580e+01
3.300000e+01 -1.513430e-06 5.579777e-02 -2.315554e+01
3.400000e+01 -1.461981e-06 5.746579e-02 -2.313490e+01
3.500000e+01 -1.470531e-06 5.913235e-02 -2.311456e+01
3.600000e+01 -1.520875e-06 6.079744e-02 -2.309380e+01
3.700000e+01 -1.708013e-06 6.246101e-02 -2.307140e+01
3.800000e+01 -1.694612e-06 6.412287e-02 -2.304779e+01
3.900000e+01 -1.712264e-06 6.578303e-02 -2.302416e+01
4.000000e+01 -1.601302e-06 6.744148e-02 -2.300117e+01
4.100000e+01 -1.649503e-06 6.909833e-02 -2.297861e+01
4.200000e+01 -1.773817e-06 7.075354e-02 -2.295486e+01
4.300000e+01 -1.876321e-06 7.240696e-02 -2.292954e+01
4.400000e+01 -1.674673e-06 7.405851e-02 -2.290490e+01
4.500000e+01 -1.622441e-06 7.570839e-02 -2.288203e+01
4.600000e+01 -1.674677e-06 7.735665e-02 -2.285915e+01
4.700000e+01 -1.722993e-06 7.900323e-02 -2.283558e+01
4.800000e+01 -1.750247e-06 8.064808e-02 -2.281148e+01
4.900000e+01 -1.714556e-06 8.229119e-02 -2.278745e+01
5.000000e+01 -1.721070e-06 8.393258e-02 -2.276361e+01
5.100000e+01 -1.775374e-06 8.557225e-02 -2.273935e+01
5.200000e+01 -1.792273e-06 8.721015e-02 -2.271460e+01
5.300000e+01 -1.829672e-06 8.884625e-02 -2.268947e+01
5.400000e+01 -1.790974e-06 9.048052e-02 -2.266435e+01
5.500000e+01 -1.696334e-06 9.211300e-02 -2.264016e+01
5.600000e+01 -1.801328e-06 9.374379e-02 -2.261589e+01
5.700000e+01 -1.888822e-06 9.537277e-02 -2.259029e+01
5.800000e+01 -1.876861e-06 9.699987e-02 -2.256416e+01
5.900000e+01 -1.772007e-06 9.862509e-02 -2.253885e+01
6.000000e+01 -1.704296e-06 1.002485e-01 -2.251473e+01
6.100000e+01 -1.879621e-06 1.018703e-01 -2.248986e+01
6.200000e+01 -1.926848e-06 1.034901e-01 -2.246346e+01
6.300000e+01 -1.978841e-06 1.051081e-01 -2.243636e+01
6.400000e+01 -1.897451e-06 1.067240e-01 -2.240947e+01
6.500000e+01 -1.758842e-06 1.083381e-01 -2.238410e+01
6.600000e+01 -1.816563e-06 1.099504e-01 -2.235929e+01
6.700000e+01 -1.822179e-06 1.115609e-01 -2.233405e+01
6.800000e+01 -2.032738e-06 1.131695e-01 -2.230730e+01
6.900000e+01 -2.195540e-06 1.147762e-01 -2.227797e+01
7.000000e+01 -1.867100e-06 1.163806e-01 -2.224978e+01
7.100000e+01 -1.863548e-06 1.179832e-01 -2.222390e+01
7.200000e+01 -1.992951e-06 1.195839e-01 -2.219714e+01
7.300000e+01 -2.029164e-06 1.211826e-01 -2.216924e+01
7.400000e+01 -2.207136e-06 1.227793e-01 -2.213985e+01
7.500000e+01 -1.974112e-06 1.243737e-01 -2.211084e+01
7.600000e+01 -1.997081e-06 1.259662e-01 -2.208329e+01
7.700000e+01 -2.209509e-06 1.275567e-01 -2.205410e+01
7.800000e+01 -2.118271e-06 1.291450e-01 -2.202408e+01
7.900000e+01 -2.201676e-06 1.307312e-01 -2.199410e+01
8.000000e+01 -2.118556e-06 1.323152e-01 -2.196413e+01
8.100000e+01 -2.395501e-06 1.338970e-01 -2.193281e+01
8.200000e+01 -2.243619e-06 1.354765e-01 -2.190063e+01
8.300000e+01 -2.357360e-06 1.370537e-01 -2.186871e+01
8.400000e+01 -2.413077e-06 1.386286e-01 -2.183561e+01
8.500000e+01 -2.365769e-06 1.402010e-01 -2.180245e+01
8.600000e+01 -2.324073e-06 1.417711e-01 -2.176992e+01
8.700000e+01 -2.241609e-06 1.433389e-01 -2.173824e+01
8.800000e+01 -2.298251e-06 1.449044e-01 -2.170674e+01
8.900000e+01 -2.331744e-06 1.464676e-01 -2.167462e+01
9.000000e+01 -2.262538e-06 1.480285e-01 -2.164275e+01
9.100000e+01 -2.081962e-06 1.495871e-01 -2.161261e+01
9.200000e+01 -2.273334e-06 1.511436e-01 -2.158239e+01
9.300000e+01 -2.477296e-06 1.526979e-01 -2.154943e+01
9.400000e+01 -2.736387e-06 1.542497e-01 -2.151326e+01
9.500000e+01 -2.499783e-06 1.557987e-01 -2.147693e+01
9.600000e+01 -2.419967e-06 1.573453e-01 -2.144280e+01
9.700000e+01 -2.606809e-06 1.588894e-01 -2.140792e+01
9.800000e+01 -2.559308e-06 1.604310e-01 -2.137208e+01
9.900000e+01 -2.439043e-06 1.619699e-01 -2.133740e+01
1.000000e+02 -2.423537e-06 1.635064e-01 -2.130367e+01
1.010000e+02 -2.433205e-06 1.650406e-01 -2.126997e+01
1.020000e+02 -2.671182e-06 1.665722e-01 -2.123456e+01
1.030000e+02 -2.624428e-06 1.681012e-01 -2.119782e+01
1.040000e+02 -2.612928e-06 1.696276e-01 -2.116148e+01
1.050000e+02 -2.637068e-06 1.711514e-01 -2.112506e+01
1.060000e+02 -2.485272e-06 1.726725e-01 -2.108952e+01
1.070000e+02 -2.724690e-06 1.741911e-01 -2.105337e+01
1.080000e+02 -2.696889e-06 1.757070e-01 -2.101576e+01
1.090000e+02 -2.630240e-06 1.772203e-01 -2.097880e+01
1.100000e+02 -2.549926e-06 1.787308e-01 -2.094286e+01
1.110000e+02 -2.655547e-06 1.802389e-01 -2.090675e+01
1.120000e+02 -2.442248e-06 1.817443e-01 -2.087138e+01
1.130000e+02 -2.364899e-06 1.832472e-01 -2.083803e+01
1.140000e+02 -2.358809e-06 1.847478e-01 -2.080525e+01
1.150000e+02 -2.582854e-06 1.862460e-01 -2.077097e+01
1.160000e+02 -2.766613e-06 1.877416e-01 -2.073385e+01
1.170000e+02 -2.714336e-06 1.892345e-01 -2.069583e+01
1.180000e+02 -2.752487e-06 1.907247e-01 -2.065790e+01
1.190000e+02 -2.720933e-06 1.922121e-01 -2.061993e+01
1.200000e+02 -2.690743e-06 1.936967e-01 -2.058238e+01
1.210000e+02 -2.733553e-06 1.951787e-01 -2.054475e+01
1.220000e+02 -2.793922e-06 1.966580e-01 -2.050640e+01
1.230000e+02 -2.946266e-06 1.981344e-01 -2.046657e+01
1.240000e+02 -2.958753e-06 1.996080e-01 -2.042561e+01
1.250000e+02 -2.775547e-06 2.010785e-01 -2.038582e+01
1.260000e+02 -2.731640e-06 2.025463e-01 -2.034761e+01
1.270000e+02 -2.894882e-06 2.040113e-01 -2.030858e+01
1.280000e+02 -2.650174e-06 2.054735e-01 -2.027011e+01
1.290000e+02 -2.841815e-06 2.069330e-01 -2.023200e+01
1.300000e+02 -3.039905e-06 2.083897e-01 -2.019120e+01
1.310000e+02 -2.881282e-06 2.098433e-01 -2.015012e+01
1.320000e+02 -2.888260e-06 2.112940e-01 -2.011009e+01
1.330000e+02 -2.767279e-06 2.127419e-01 -2.007085e+01
1.340000e+02 -2.918710e-06 2.141870e-01 -2.003140e+01
1.350000e+02 -3.016815e-06 2.156291e-01 -1.999022e+01
1.360000e+02 -3.079933e-06 2.170683e-01 -1.994792e+01
1.370000e+02 -3.060013e-06 2.185043e-01 -1.990533e+01
1.380000e+02 -2.987422e-06 2.199374e-01 -1.986337e+01
1.390000e+02 -3.155378e-06 2.213674e-01 -1.982075e+01
1.400000e+02 -3.091100e-06 2.227942e-01 -1.977741e+01
1.410000e+02 -3.120594e-06 2.242180e-01 -1.973432e+01
1.420000e+02 -3.105494e-06 2.256387e-01 -1.969112e+01
1.430000e+02 -2.960212e-06 2.270562e-01 -1.964904e+01
1.440000e+02 -2.982005e-06 2.284708e-01 -1.960781e+01
1.450000e+02 -3.106675e-06 2.298824e-01 -1.956557e+01
1.460000e+02 -3.091515e-06 2.312909e-01 -1.952257e+01
1.470000e+02 -3.063883e-06 2.326963e-01 -1.947986e+01
1.480000e+02 -2.974432e-06 2.340987e-01 -1.943797e+01
1.490000e+02 -3.009384e-06 2.354981e-01 -1.939645e+01
1.500000e+02 -3.253729e-06 2.368944e-01 -1.935300e+01
1.510000e+02 -3.127241e-06 2.382875e-01 -1.930873e+01
1.520000e+02 -3.269320e-06 2.396775e-01 -1.926435e+01
1.530000e+02 -3.386070e-06 2.410642e-01 -1.921818e+01
1.540000e+02 -3.110161e-06 2.424475e-01 -1.917311e+01
1.550000e+02 -2.981745e-06 2.438278e-01 -1.913084e+01
1.560000e+02 -3.061259e-06 2.452050e-01 -1.908892e+01
1.570000e+02 -3.398716e-06 2.465792e-01 -1.904410e+01
1.580000e+02 -3.312654e-06 2.479499e-01 -1.899754e+01
1.590000e+02 -3.265551e-06 2.493174e-01 -1.895190e+01
1.600000e+02 -3.249090e-06 2.506816e-01 -1.890670e+01
1.610000e+02 -3.282172e-06 2.520425e-01 -1.886139e+01
1.620000e+02 -3.305379e-06 2.534002e-01 -1.881568e+01
1.630000e+02 -3.310928e-06 2.547546e-01 -1.876978e+01
1.640000e+02 -3.328456e-06 2.561056e-01 -1.872372e+01
1.650000e+02 -3.169483e-06 2.574533e-01 -1.867864e+01
1.660000e+02 -3.141732e-06 2.587979e-01 -1.863485e+01
1.670000e+02 -3.385297e-06 2.601393e-01 -1.858957e+01
1.680000e+02 -3.247861e-06 2.614773e-01 -1.854355e+01
1.690000e+02 -3.350237e-06 2.628121e-01 -1.849777e+01
1.700000e+02 -3.594650e-06 2.641435e-01 -1.844959e+01
1.710000e+02 -3.360414e-06 2.654713e-01 -1.840133e+01
1.720000e+02 -3.444734e-06 2.667958e-01 -1.835412e+01
1.730000e+02 -3.623314e-06 2.681168e-01 -1.830508e+01
1.740000e+02 -3.683681e-06 2.694342e-01 -1.825439e+01
1.750000e+02 -3.274725e-06 2.707480e-01 -1.820611e+01
1.760000e+02 -3.339711e-06 2.720584e-01 -1.816022e+01
1.770000e+02 -3.416730e-06 2.733655e-01 -1.811334e+01
1.780000e+02 -3.397555e-06 2.746692e-01 -1.806607e+01
1.790000e+02 -3.551964e-06 2.759695e-01 -1.801785e+01
1.800000e+02 -3.766178e-06 2.772662e-01 -1.796708e+01
1.810000e+02 -3.715458e-06 2.785592e-01 -1.791517e+01
1.820000e+02 -3.676182e-06 2.798484e-01 -1.786389e+01
1.830000e+02 -3.720272e-06 2.811340e-01 -1.781258e+01
1.840000e+02 -3.497620e-06 2.824159e-01 -1.776250e+01
1.850000e+02 -3.626967e-06 2.836942e-01 -1.771307e+01
1.860000e+02 -3.672199e-06 2.849690e-01 -1.766243e+01
1.870000e+02 -3.583818e-06 2.862400e-01 -1.761209e+01
1.880000e+02 -3.450921e-06 2.875075e-01 -1.756328e+01
1.890000e+02 -3.748179e-06 2.887715e-01 -1.751333e+01
1.900000e+02 -3.524152e-06 2.900318e-01 -1.746288e+01
1.910000e+02 -3.669554e-06 2.912886e-01 -1.741297e+01
1.920000e+02 -3.760644e-06 2.925417e-01 -1.736142e+01
1.930000e+02 -4.187549e-06 2.937910e-01 -1.730628e+01
1.940000e+02 -4.268139e-06 2.950361e-01 -1.724761e+01
1.950000e+02 -4.149150e-06 2.962770e-01 -1.718922e+01
1.960000e+02 -3.998028e-06 2.975137e-01 -1.713269e+01
1.970000e+02 -3.936158e-06 2.987464e-01 -1.707764e+01
1.980000e+02 -3.904901e-06 2.999752e-01 -1.702324e+01
1.990000e+02 -3.860583e-06 3.012001e-01 -1.696937e+01
2.000000e+02 -3.899334e-06 3.024211e-01 -1.691553e+01
2.010000e+02 -3.816041e-06 3.036382e-01 -1.686200e+01
2.020000e+02 -3.925976e-06 3.048516e-01 -1.680829e+01
2.030000e+02 -3.932929e-06 3.060609e-01 -1.675377e+01
2.040000e+02 -3.813900e-06 3.072664e-01 -1.670002e+01
2.050000e+02 -3.972933e-06 3.084680e-01 -1.664599e+01
2.060000e+02 -3.942079e-06 3.096657e-01 -1.659108e+01
2.070000e+02 -3.883580e-06 3.108594e-01 -1.653679e+01
2.080000e+02 -3.792334e-06 3.120492e-01 -1.648353e+01
2.090000e+02 -4.007470e-06 3.132353e-01 -1.642942e+01
2.100000e+02 -3.754110e-06 3.144173e-01 -1.637557e+01
2.110000e+02 -3.990663e-06 3.155956e-01 -1.632184e+01
2.120000e+02 -4.281964e-06 3.167699e-01 -1.626444e+01
2.130000e+02 -4.159729e-06 3.179399e-01 -1.620588e+01
2.140000e+02 -4.023426e-06 3.191057e-01 -1.614910e+01
2.150000e+02 -4.035771e-06 3.202675e-01 -1.609319e+01
2.160000e+02 -4.125791e-06 3.214253e-01 -1.603656e+01
2.170000e+02 -4.059027e-06 3.225790e-01 -1.597978e+01
2.180000e+02 -4.327491e-06 3.237286e-01 -1.592159e+01
2.190000e+02 -4.267174e-06 3.248739e-01 -1.586197e+01
2.200000e+02 -4.152853e-06 3.260149e-01 -1.580355e+01
2.210000e+02 -4.258088e-06 3.271517e-01 -1.574519e+01
2.220000e+02 -3.947403e-06 3.282843e-01 -1.568827e+01
2.230000e+02 -3.898133e-06 3.294130e-01 -1.563383e+01
2.240000e+02 -4.118776e-06 3.305377e-01 -1.557821e+01
2.250000e+02 -4.210914e-06 3.316584e-01 -1.552042e+01
2.260000e+02 -4.236923e-06 3.327748e-01 -1.546181e+01
2.270000e+02 -4.291784e-06 3.338870e-01 -1.540264e+01
2.280000e+02 -4.239943e-06 3.349949e-01 -1.534345e+01
2.290000e+02 -4.084478e-06 3.360985e-01 -1.528570e+01
2.300000e+02 -4.274036e-06 3.371981e-01 -1.522771e+01
2.310000e+02 -4.407640e-06 3.382934e-01 -1.516747e+01
2.320000e+02 -4.311837e-06 3.393843e-01 -1.510698e+01
2.330000e+02 -4.202989e-06 3.404709e-01 -1.504790e+01
2.340000e+02 -4.247015e-06 3.415532e-01 -1.498928e+01
2.350000e+02 -4.294671e-06 3.426314e-01 -1.493002e+01
2.360000e+02 -4.540842e-06 3.437052e-01 -1.486872e+01
2.370000e+02 -4.637137e-06 3.447745e-01 -1.480504e+01
2.380000e+02 -4.619671e-06 3.458391e-01 -1.474082e+01
2.390000e+02 -4.567451e-06 3.468992e-01 -1.467708e+01
2.400000e+02 -4.300921e-06 3.479546e-01 -1.461555e+01
2.410000e+02 -4.452411e-06 3.490058e-01 -1.455482e+01
2.420000e+02 -4.299637e-06 3.500525e-01 -1.449410e+01
2.430000e+02 -4.356649e-06 3.510949e-01 -1.443405e+01
2.440000e+02 -4.406520e-06 3.521330e-01 -1.437325e+01
2.450000e+02 -4.430168e-06 3.531666e-01 -1.431194e+01
2.460000e+02 -4.377159e-06 3.541959e-01 -1.425084e+01
2.470000e+02 -4.181181e-06 3.552207e-01 -1.419146e+01
2.480000e+02 -4.216289e-06 3.562414e-01 -1.413320e+01
2.490000e+02 -4.218959e-06 3.572578e-01 -1.407468e+01
2.500000e+02 -4.116168e-06 3.582700e-01 -1.401685e+01
2.510000e+02 -4.364960e-06 3.592781e-01 -1.395801e+01
2.520000e+02 -4.659134e-06 3.602819e-01 -1.389540e+01
2.530000e+02 -4.938341e-06 3.612810e-01 -1.382881e+01
2.540000e+02 -4.666508e-06 3.622751e-01 -1.376218e+01
2.550000e+02 -4.692272e-06 3.632646e-01 -1.369725e+01
2.560000e+02 -4.646221e-06 3.642494e-01 -1.363246e+01
2.570000e+02 -4.554551e-06 3.652295e-01 -1.356862e+01
2.580000e+02 -4.535697e-06 3.662051e-01 -1.350556e+01
2.590000e+02 -4.461371e-06 3.671762e-01 -1.344314e+01
2.600000e+02 -4.636041e-06 3.681428e-01 -1.338002e+01
2.610000e+02 -4.737056e-06 3.691047e-01 -1.331499e+01
2.620000e+02 -4.805083e-06 3.700619e-01 -1.324879e+01
2.630000e+02 -4.770769e-06 3.710144e-01 -1.318235e+01
2.640000e+02 -4.615139e-06 3.719620e-01 -1.311723e+01
2.650000e+02 -4.676616e-06 3.729050e-01 -1.305277e+01
2.660000e+02 -4.721714e-06 3.738434e-01 -1.298756e+01
2.670000e+02 -4.759444e-06 3.747770e-01 -1.292178e+01
2.680000e+02 -4.663111e-06 3.757059e-01 -1.285641e+01
2.690000e+02 -4.560114e-06 3.766301e-01 -1.279242e+01
2.700000e+02 -4.512715e-06 3.775497e-01 -1.272948e+01
2.710000e+02 -4.632971e-06 3.784649e-01 -1.266602e+01
2.720000e+02 -4.674538e-06 3.793754e-01 -1.260145e+01
2.730000e+02 -4.634085e-06 3.802812e-01 -1.253687e+01
2.740000e+02 -4.892535e-06 3.811824e-01 -1.247077e+01
2.750000e+02 -4.955013e-06 3.820787e-01 -1.240245e+01
2.760000e+02 -4.911998e-06 3.829700e-01 -1.233400e+01
2.770000e+02 -4.958842e-06 3.838565e-01 -1.226551e+01
2.780000e+02 -4.558108e-06 3.847379e-01 -1.219949e+01
2.790000e+02 -4.654443e-06 3.856148e-01 -1.213557e+01
2.800000e+02 -4.878792e-06 3.864871e-01 -1.206943e+01
2.810000e+02 -4.991177e-06 3.873545e-01 -1.200095e+01
2.820000e+02 -5.005978e-06 3.882169e-01 -1.193159e+01
2.830000e+02 -4.964002e-06 3.890743e-01 -1.186242e+01
2.840000e+02 -4.982969e-06 3.899267e-01 -1.179341e+01
2.850000e+02 -4.657001e-06 3.907741e-01 -1.172653e+01
2.860000e+02 -4.847444e-06 3.916169e-01 -1.166059e+01
2.870000e+02 -4.948304e-06 3.924548e-01 -1.159263e+01
2.880000e+02 -5.060058e-06 3.932878e-01 -1.152319e+01
2.890000e+02 -4.932891e-06 3.941157e-01 -1.145386e+01
2.900000e+02 -5.197111e-06 3.949387e-01 -1.138358e+01
2.910000e+02 -5.226864e-06 3.957565e-01 -1.131126e+01
2.920000e+02 -5.189469e-06 3.965691e-01 -1.123900e+01
2.930000e+02 -5.361932e-06 3.973765e-01 -1.116579e+01
2.940000e+02 -5.268755e-06 3.981785e-01 -1.109204e+01
2.950000e+02 -5.254556e-06 3.989752e-01 -1.101903e+01
2.960000e+02 -4.981372e-06 3.997667e-01 -1.094801e+01
2.970000e+02 -5.199164e-06 4.005532e-01 -1.087738e+01
2.980000e+02 -5.140553e-06 4.013346e-01 -1.080564e+01
2.990000e+02 -5.085830e-06 4.021107e-01 -1.073470e+01
3.000000e+02 -5.063723e-06 4.028818e-01 -1.066428e+01
3.010000e+02 -5.471923e-06 4.036478e-01 -1.059118e+01
3.020000e+02 -5.433164e-06 4.044084e-01 -1.051553e+01
3.030000e+02 -5.420103e-06 4.051635e-01 -1.044023e+01
3.040000e+02 -5.408061e-06 4.059132e-01 -1.036510e+01
3.050000e+02 -5.387261e-06 4.066575e-01 -1.029021e+01
3.060000e+02 -5.052261e-06 4.073964e-01 -1.021778e+01
3.070000e+02 -5.072607e-06 4.081303e-01 -1.014753e+01
3.080000e+02 -5.333043e-06 4.088590e-01 -1.007534e+01
3.090000e+02 -5.208732e-06 4.095825e-01 -1.000220e+01
3.100000e+02 -4.961337e-06 4.103007e-01 -9.931643e+00
3.110000e+02 -5.072175e-06 4.110140e-01 -9.862032e+00
3.120000e+02 -5.460361e-06 4.117222e-01 -9.788958e+00
3.130000e+02 -5.335151e-06 4.124249e-01 -9.714060e+00
3.140000e+02 -5.417824e-06 4.131223e-01 -9.639458e+00
3.150000e+02 -5.366913e-06 4.138143e-01 -9.564634e+00
3.160000e+02 -5.227321e-06 4.145009e-01 -9.491133e+00
3.170000e+02 -5.140218e-06 4.151823e-01 -9.419204e+00
3.180000e+02 -5.068941e-06 4.158586e-01 -9.348374e+00
3.190000e+02 -5.080997e-06 4.165298e-01 -9.277955e+00
3.200000e+02 -5.357399e-06 4.171959e-01 -9.205535e+00
3.210000e+02 -5.298012e-06 4.178566e-01 -9.131609e+00
3.220000e+02 -5.421256e-06 4.185121e-01 -9.057240e+00
3.230000e+02 -5.792873e-06 4.191621e-01 -8.979438e+00
3.240000e+02 -5.649795e-06 4.198063e-01 -8.900050e+00
3.250000e+02 -5.655150e-06 4.204449e-01 -8.821618e+00
3.260000e+02 -5.395249e-06 4.210779e-01 -8.744951e+00
3.270000e+02 -5.443815e-06 4.217054e-01 -8.669751e+00
3.280000e+02 -5.548329e-06 4.223275e-01 -8.593489e+00
3.290000e+02 -5.458630e-06 4.229440e-01 -8.517124e+00
3.300000e+02 -5.457610e-06 4.235551e-01 -8.441389e+00
3.310000e+02 -5.626598e-06 4.241607e-01 -8.364488e+00
3.320000e+02 -5.462040e-06 4.247607e-01 -8.287556e+00
3.330000e+02 -5.690566e-06 4.253553e-01 -8.210181e+00
3.340000e+02 -5.455306e-06 4.259441e-01 -8.132852e+00
3.350000e+02 -5.323871e-06 4.265275e-01 -8.058067e+00
3.360000e+02 -5.533358e-06 4.271056e-01 -7.982741e+00
3.370000e+02 -5.369486e-06 4.276781e-01 -7.907099e+00
3.380000e+02 -5.525418e-06 4.282453e-01 -7.831511e+00
3.390000e+02 -5.683362e-06 4.288069e-01 -7.753746e+00
3.400000e+02 -5.632893e-06 4.293629e-01 -7.675235e+00
3.410000e+02 -5.834913e-06 4.299132e-01 -7.595673e+00
3.420000e+02 -5.797522e-06 4.304577e-01 -7.514969e+00
3.430000e+02 -5.620246e-06 4.309964e-01 -7.435753e+00
3.440000e+02 -5.563532e-06 4.315295e-01 -7.358162e+00
3.450000e+02 -5.461767e-06 4.320570e-01 -7.281670e+00
3.460000e+02 -5.720083e-06 4.325790e-01 -7.204091e+00
3.470000e+02 -5.774161e-06 4.330953e-01 -7.124346e+00
3.480000e+02 -5.662278e-06 4.336059e-01 -7.045001e+00
3.490000e+02 -5.730375e-06 4.341108e-01 -6.965960e+00
3.500000e+02 -5.932922e-06 4.346099e-01 -6.885042e+00
3.510000e+02 -6.034401e-06 4.351032e-01 -6.802014e+00
3.520000e+02 -6.112847e-06 4.355904e-01 -6.717738e+00
3.530000e+02 -5.789206e-06 4.360714e-01 -6.635163e+00
3.540000e+02 -5.769399e-06 4.365467e-01 -6.554970e+00
3.550000e+02 -5.828182e-06 4.370162e-01 -6.474508e+00
3.560000e+02 -5.777815e-06 4.374799e-01 -6.393987e+00
3.570000e+02 -5.854708e-06 4.379378e-01 -6.313282e+00
3.580000e+02 -5.589169e-06 4.383899e-01 -6.233886e+00
3.590000e+02 -5.453744e-06 4.388364e-01 -6.157271e+00
3.600000e+02 -5.697343e-06 4.392774e-01 -6.079906e+00
3.610000e+02 -5.674942e-06 4.397127e-01 -6.001007e+00
3.620000e+02 -5.759465e-06 4.401424e-01 -5.921676e+00
3.630000e+02 -6.015043e-06 4.405662e-01 -5.839986e+00
3.640000e+02 -5.463299e-06 4.409841e-01 -5.760351e+00
3.650000e+02 -5.699279e-06 4.413965e-01 -5.682906e+00
3.660000e+02 -5.864949e-06 4.418032e-01 -5.602675e+00
3.670000e+02 -5.896652e-06 4.422041e-01 -5.521075e+00
3.680000e+02 -5.855940e-06 4.425990e-01 -5.439537e+00
3.690000e+02 -5.931023e-06 4.429881e-01 -5.357760e+00
3.700000e+02 -6.108172e-06 4.433713e-01 -5.274234e+00
3.710000e+02 -5.909331e-06 4.437483e-01 -5.190858e+00
3.720000e+02 -5.850665e-06 4.441194e-01 -5.109268e+00
3.730000e+02 -6.068898e-06 4.444847e-01 -5.026572e+00
3.740000e+02 -5.983864e-06 4.448440e-01 -4.942951e+00
3.750000e+02 -5.850966e-06 4.451972e-01 -4.860843e+00
3.760000e+02 -6.125829e-06 4.455446e-01 -4.777749e+00
3.770000e+02 -6.333069e-06 4.458858e-01 -4.691311e+00
3.780000e+02 -6.397177e-06 4.462208e-01 -4.602990e+00
3.790000e+02 -6.299610e-06 4.465493e-01 -4.514901e+00
3.800000e+02 -6.173576e-06 4.468715e-01 -4.428364e+00
3.810000e+02 -5.947295e-06 4.471876e-01 -4.344270e+00
3.820000e+02 -5.710468e-06 4.474977e-01 -4.263390e+00
3.830000e+02 -5.995532e-06 4.478021e-01 -4.182176e+00
3.840000e+02 -5.792836e-06 4.481005e-01 -4.100389e+00
3.850000e+02 -5.826372e-06 4.483931e-01 -4.019777e+00
3.860000e+02 -6.364374e-06 4.486799e-01 -3.935199e+00
3.870000e+02 -6.511586e-06 4.489603e-01 -3.845867e+00
3.880000e+02 -6.415355e-06 4.492342e-01 -3.756181e+00
3.890000e+02 -6.534719e-06 4.495017e-01 -3.666335e+00
3.900000e+02 -6.279598e-06 4.497627e-01 -3.577431e+00
3.910000e+02 -5.938815e-06 4.500174e-01 -3.492661e+00
3.920000e+02 -6.108697e-06 4.502661e-01 -3.409077e+00
3.930000e+02 -6.324585e-06 4.505087e-01 -3.322817e+00
3.940000e+02 -6.247767e-06 4.507450e-01 -3.235591e+00
3.950000e+02 -6.017176e-06 4.509751e-01 -3.150498e+00
3.960000e+02 -6.050046e-06 4.511991e-01 -3.066777e+00
3.970000e+02 -6.347433e-06 4.514171e-01 -2.980765e+00
3.980000e+02 -6.188530e-06 4.516288e-01 -2.893792e+00
3.990000e+02 -6.223429e-06 4.518342e-01 -2.807680e+00
4.000000e+02 -6.137553e-06 4.520335e-01 -2.721921e+00
4.010000e+02 -5.732890e-06 4.522266e-01 -2.639565e+00
4.020000e+02 -5.717905e-06 4.524139e-01 -2.560121e+00
4.030000e+02 -6.071878e-06 4.525956e-01 -2.478325e+00
4.040000e+02 -6.540731e-06 4.527711e-01 -2.390820e+00
4.050000e+02 -6.453394e-06 4.529402e-01 -2.300668e+00
4.060000e+02 -6.328748e-06 4.531027e-01 -2.211987e+00
4.070000e+02 -6.445531e-06 4.532590e-01 -2.123361e+00
4.080000e+02 -5.951329e-06 4.534088e-01 -2.037353e+00
4.090000e+02 -5.826655e-06 4.535526e-01 -1.955639e+00
4.100000e+02 -5.963855e-06 4.536907e-01 -1.873838e+00
4.110000e+02 -6.241819e-06 4.538227e-01 -1.789156e+00
4.120000e+02 -5.871857e-06 4.539486e-01 -1.705113e+00
4.130000e+02 -5.893628e-06 4.540685e-01 -1.623486e+00
4.140000e+02 -5.723387e-06 4.541826e-01 -1.542888e+00
4.150000e+02 -5.526713e-06 4.542909e-01 -1.464836e+00
4.160000e+02 -5.613730e-06 4.543937e-01 -1.387545e+00
4.170000e+02 -5.890654e-06 4.544909e-01 -1.307729e+00
4.180000e+02 -5.946941e-06 4.545822e-01 -1.225602e+00
4.190000e+02 -5.850792e-06 4.546675e-01 -1.143750e+00
4.200000e+02 -5.812466e-06 4.547470e-01 -1.062832e+00
4.210000e+02 -6.249941e-06 4.548207e-01 -9.791445e-01
4.220000e+02 -5.781241e-06 4.548882e-01 -8.956736e-01
4.230000e+02 -5.655572e-06 4.549498e-01 -8.163264e-01
4.240000e+02 -5.799188e-06 4.550058e-01 -7.368547e-01
4.250000e+02 -5.891544e-06 4.550560e-01 -6.557458e-01
4.260000e+02 -5.687333e-06 4.551004e-01 -5.754130e-01
4.270000e+02 -5.838865e-06 4.551390e-01 -4.954457e-01
4.280000e+02 -5.640652e-06 4.551718e-01 -4.158022e-01
4.290000e+02 -5.449982e-06 4.551989e-01 -3.388567e-01
4.300000e+02 -5.384831e-06 4.552206e-01 -2.636861e-01
4.310000e+02 -5.533533e-06 4.552369e-01 -1.879358e-01
4.320000e+02 -5.691755e-06 4.552477e-01 -1.100562e-01
4.330000e+02 -5.820152e-06 4.552528e-01 -3.018795e-02
4.340000e+02 -5.781716e-06 4.552520e-01 5.030439e-02
4.350000e+02 -5.540480e-06 4.552455e-01 1.288564e-01
4.360000e+02 -5.620900e-06 4.552335e-01 2.062927e-01
4.370000e+02 -5.599348e-06 4.552158e-01 2.841374e-01
4.380000e+02 -5.512855e-06 4.551925e-01 3.612325e-01
4.390000e+02 -5.496639e-06 4.551637e-01 4.376150e-01
4.400000e+02 -5.373364e-06 4.551294e-01 5.130298e-01
4.410000e+02 -5.532330e-06 4.550898e-01 5.886922e-01
4.420000e+02 -5.484839e-06 4.550446e-01 6.651279e-01
4.430000e+02 -5.878395e-06 4.549939e-01 7.439647e-01
4.440000e+02 -6.082466e-06 4.549374e-01 8.269477e-01
4.450000e+02 -6.193080e-06 4.548747e-01 9.121139e-01
4.460000e+02 -6.453335e-06 4.548059e-01 9.998532e-01
4.470000e+02 -6.096743e-06 4.547306e-01 1.086924e+00
4.480000e+02 -6.187237e-06 4.546492e-01 1.172149e+00
4.490000e+02 -6.064424e-06 4.545617e-01 1.257149e+00
4.500000e+02 -6.014509e-06 4.544680e-01 1.340952e+00
4.510000e+02 -6.580602e-06 4.543684e-01 1.428335e+00
4.520000e+02 -6.488338e-06 4.542621e-01 1.519006e+00
4.530000e+02 -6.388529e-06 4.541494e-01 1.608344e+00
4.540000e+02 -6.185244e-06 4.540303e-01 1.695579e+00
4.550000e+02 -6.062917e-06 4.539050e-01 1.780555e+00
4.560000e+02 -6.583352e-06 4.537737e-01 1.868293e+00
4.570000e+02 -6.923485e-06 4.536357e-01 1.962002e+00
4.580000e+02 -6.797163e-06 4.534909e-01 2.057194e+00
4.590000e+02 -6.552389e-06 4.533392e-01 2.149812e+00
4.600000e+02 -6.665427e-06 4.531810e-01 2.241516e+00
4.610000e+02 -6.832378e-06 4.530161e-01 2.335162e+00
4.620000e+02 -6.549093e-06 4.528444e-01 2.428001e+00
4.630000e+02 -6.526814e-06 4.526662e-01 2.518720e+00
4.640000e+02 -7.199524e-06 4.524814e-01 2.613951e+00
4.650000e+02 -6.948452e-06 4.522894e-01 2.712108e+00
4.660000e+02 -6.919738e-06 4.520905e-01 2.808324e+00
4.670000e+02 -6.737282e-06 4.518846e-01 2.903075e+00
4.680000e+02 -6.746793e-06 4.516721e-01 2.996626e+00
4.690000e+02 -6.852796e-06 4.514527e-01 3.090978e+00
4.700000e+02 -6.811134e-06 4.512265e-01 3.185777e+00
4.710000e+02 -6.742619e-06 4.509935e-01 3.279811e+00
4.720000e+02 -7.030903e-06 4.507538e-01 3.375370e+00
4.730000e+02 -7.037700e-06 4.505070e-01 3.472976e+00
4.740000e+02 -6.964877e-06 4.502532e-01 3.570124e+00
4.750000e+02 -6.679769e-06 4.499924e-01 3.664789e+00
4.760000e+02 -6.649679e-06 4.497250e-01 3.757267e+00
4.770000e+02 -6.914341e-06 4.494509e-01 3.851373e+00
4.780000e+02 -6.783784e-06 4.491699e-01 3.946409e+00
4.790000e+02 -6.804318e-06 4.488821e-01 4.040681e+00
4.800000e+02 -6.860017e-06 4.485874e-01 4.135483e+00
4.810000e+02 -6.704976e-06 4.482860e-01 4.229595e+00
4.820000e+02 -6.920683e-06 4.479778e-01 4.324128e+00
4.830000e+02 -7.165355e-06 4.476627e-01 4.421856e+00
4.840000e+02 -6.851278e-06 4.473405e-01 4.519101e+00
4.850000e+02 -6.808845e-06 4.470114e-01 4.613873e+00
4.860000e+02 -6.610347e-06 4.466754e-01 4.706974e+00
4.870000e+02 -6.873949e-06 4.463329e-01 4.800527e+00
4.880000e+02 -6.901261e-06 4.459835e-01 4.896097e+00
4.890000e+02 -7.101500e-06 4.456272e-01 4.993247e+00
4.900000e+02 -6.789849e-06 4.452638e-01 5.089623e+00
4.910000e+02 -6.725341e-06 4.448936e-01 5.183390e+00
4.920000e+02 -6.939906e-06 4.445167e-01 5.278198e+00
4.930000e+02 -7.341061e-06 4.441328e-01 5.377277e+00
4.940000e+02 -7.008339e-06 4.437416e-01 5.476832e+00
4.950000e+02 -6.876904e-06 4.433434e-01 5.573166e+00
4.960000e+02 -6.649209e-06 4.429383e-01 5.667008e+00
4.970000e+02 -6.635815e-06 4.425266e-01 5.759178e+00
4.980000e+02 -7.018613e-06 4.421082e-01 5.853911e+00
4.990000e+02 -6.939410e-06 4.416828e-01 5.950750e+00
5.000000e+02 -7.070723e-06 4.412505e-01 6.047951e+00
5.010000e+02 -6.997869e-06 4.408111e-01 6.145557e+00
5.020000e+02 -7.102651e-06 4.403647e-01 6.243385e+00
5.030000e+02 -7.083159e-06 4.399112e-01 6.341804e+00
5.040000e+02 -7.226863e-06 4.394506e-01 6.441085e+00
5.050000e+02 -7.374298e-06 4.389828e-01 6.542386e+00
5.060000e+02 -7.348375e-06 4.385076e-01 6.644530e+00
5.070000e+02 -7.249465e-06 4.380251e-01 6.745808e+00
5.080000e+02 -7.280563e-06 4.375353e-01 6.846616e+00
5.090000e+02 -7.212227e-06 4.370382e-01 6.947165e+00
5.100000e+02 -7.343589e-06 4.365340e-01 7.048152e+00
5.110000e+02 -7.358910e-06 4.360223e-01 7.150156e+00
5.120000e+02 -7.155199e-06 4.355034e-01 7.250853e+00
5.130000e+02 -7.465509e-06 4.349772e-01 7.352290e+00
5.140000e+02 -7.245775e-06 4.344436e-01 7.454355e+00
5.150000e+02 -7.241807e-06 4.339028e-01 7.554868e+00
5.160000e+02 -7.146888e-06 4.333547e-01 7.654695e+00
5.170000e+02 -6.997713e-06 4.327995e-01 7.752828e+00
5.180000e+02 -7.089332e-06 4.322372e-01 7.850562e+00
5.190000e+02 -7.099504e-06 4.316679e-01 7.949003e+00
5.200000e+02 -7.146849e-06 4.310915e-01 8.047842e+00
5.210000e+02 -6.983521e-06 4.305079e-01 8.145877e+00
5.220000e+02 -6.890128e-06 4.299174e-01 8.242131e+00
5.230000e+02 -7.210340e-06 4.293199e-01 8.339958e+00
5.240000e+02 -7.423551e-06 4.287153e-01 8.441486e+00
5.250000e+02 -7.014370e-06 4.281032e-01 8.541655e+00
5.260000e+02 -6.858750e-06 4.274841e-01 8.637905e+00
5.270000e+02 -7.056870e-06 4.268582e-01 8.734450e+00
5.280000e+02 -7.280057e-06 4.262252e-01 8.833917e+00
5.290000e+02 -7.377200e-06 4.255849e-01 8.935608e+00
5.300000e+02 -6.974755e-06 4.249372e-01 9.035180e+00
5.310000e+02 -7.155467e-06 4.242826e-01 9.133214e+00
5.320000e+02 -7.318579e-06 4.236208e-01 9.233633e+00
5.330000e+02 -7.153828e-06 4.229517e-01 9.334041e+00
5.340000e+02 -7.116353e-06 4.222754e-01 9.433045e+00
5.350000e+02 -7.145152e-06 4.215921e-01 9.531990e+00
5.360000e+02 -7.163973e-06 4.209015e-01 9.631265e+00
5.370000e+02 -7.262272e-06 4.202038e-01 9.731352e+00
5.380000e+02 -7.280336e-06 4.194989e-01 9.832247e+00
5.390000e+02 -7.322777e-06 4.187867e-01 9.933562e+00
5.400000e+02 -7.112669e-06 4.180671e-01 1.003371e+01
5.410000e+02 -7.343564e-06 4.173404e-01 1.013401e+01
5.420000e+02 -7.294213e-06 4.166064e-01 1.023556e+01
5.430000e+02 -7.422347e-06 4.158651e-01 1.033767e+01
5.440000e+02 -7.651930e-06 4.151164e-01 1.044225e+01
5.450000e+02 -7.337744e-06 4.143600e-01 1.054625e+01
5.460000e+02 -7.256127e-06 4.135963e-01 1.064750e+01
5.470000e+02 -7.298528e-06 4.128253e-01 1.074847e+01
5.480000e+02 -7.359821e-06 4.120470e-01 1.085017e+01
5.490000e+02 -7.363196e-06 4.112614e-01 1.095232e+01
5.500000e+02 -7.412122e-06 4.104684e-01 1.105483e+01
5.510000e+02 -7.375120e-06 4.096680e-01 1.115742e+01
5.520000e+02 -7.237512e-06 4.088602e-01 1.125880e+01
5.530000e+02 -7.359405e-06 4.080452e-01 1.136007e+01
5.540000e+02 -7.214725e-06 4.072228e-01 1.146119e+01
5.550000e+02 -7.236890e-06 4.063932e-01 1.156145e+01
5.560000e+02 -7.511273e-06 4.055564e-01 1.166377e+01
5.570000e+02 -7.482545e-06 4.047121e-01 1.176780e+01
5.580000e+02 -7.543747e-06 4.038602e-01 1.187205e+01
5.590000e+02 -7.819400e-06 4.030009e-01 1.197863e+01
5.600000e+02 -7.572368e-06 4.021337e-01 1.208542e+01
5.610000e+02 -7.211205e-06 4.012589e-01 1.218799e+01
5.620000e+02 -7.138325e-06 4.003770e-01 1.228754e+01
5.630000e+02 -7.133628e-06 3.994878e-01 1.238656e+01
5.640000e+02 -7.140555e-06 3.985916e-01 1.248559e+01
5.650000e+02 -7.334173e-06 3.976882e-01 1.258602e+01
5.660000e+02 -6.884445e-06 3.967775e-01 1.268466e+01
5.670000e+02 -7.020483e-06 3.958599e-01 1.278113e+01
5.680000e+02 -7.338942e-06 3.949353e-01 1.288076e+01
5.690000e+02 -7.372208e-06 3.940033e-01 1.298282e+01
5.700000e+02 -7.355996e-06 3.930640e-01 1.308500e+01
5.710000e+02 -7.366673e-06 3.921173e-01 1.318715e+01
5.720000e+02 -7.330161e-06 3.911632e-01 1.328911e+01
5.730000e+02 -7.311789e-06 3.902018e-01 1.339070e+01
5.740000e+02 -7.253130e-06 3.892331e-01 1.349175e+01
5.750000e+02 -7.393168e-06 3.882572e-01 1.359336e+01
5.760000e+02 -7.205965e-06 3.872739e-01 1.369465e+01
5.770000e+02 -7.402020e-06 3.862833e-01 1.379600e+01
5.780000e+02 -7.483124e-06 3.852853e-01 1.389927e+01
5.790000e+02 -7.704796e-06 3.842799e-01 1.400464e+01
5.800000e+02 -7.535779e-06 3.832668e-01 1.411038e+01
5.810000e+02 -7.292100e-06 3.822461e-01 1.421325e+01
5.820000e+02 -7.336502e-06 3.812181e-01 1.431474e+01
5.830000e+02 -7.578399e-06 3.801828e-01 1.441822e+01
5.840000e+02 -7.275441e-06 3.791399e-01 1.452127e+01
5.850000e+02 -7.552094e-06 3.780898e-01 1.462415e+01
5.860000e+02 -7.344959e-06 3.770321e-01 1.472750e+01
5.870000e+02 -7.260166e-06 3.759670e-01 1.482883e+01
5.880000e+02 -7.626075e-06 3.748947e-01 1.493211e+01
5.890000e+02 -7.669636e-06 3.738148e-01 1.503823e+01
5.900000e+02 -7.301151e-06 3.727271e-01 1.514209e+01
5.910000e+02 -7.510476e-06 3.716322e-01 1.524485e+01
5.920000e+02 -7.686951e-06 3.705298e-01 1.535029e+01
5.930000e+02 -7.413717e-06 3.694197e-01 1.545506e+01
5.940000e+02 -7.415160e-06 3.683022e-01 1.555794e+01
5.950000e+02 -7.229483e-06 3.671772e-01 1.565954e+01
5.960000e+02 -7.399931e-06 3.660451e-01 1.576104e+01
5.970000e+02 -7.249188e-06 3.649055e-01 1.586267e+01
5.980000e+02 -7.000075e-06 3.637587e-01 1.596153e+01
5.990000e+02 -6.973867e-06 3.626049e-01 1.605848e+01
6.000000e+02 -6.929651e-06 3.614441e-01 1.615494e+01
6.010000e+02 -7.316071e-06 3.602763e-01 1.625378e+01
6.020000e+02 -7.327557e-06 3.591013e-01 1.635537e+01
6.030000e+02 -7.291607e-06 3.579189e-01 1.645680e+01
6.040000e+02 -7.326931e-06 3.567293e-01 1.655822e+01
6.050000e+02 -7.465453e-06 3.555323e-01 1.666085e+01
6.060000e+02 -7.253872e-06 3.543278e-01 1.676297e+01
6.070000e+02 -7.355896e-06 3.531161e-01 1.686433e+01
6.080000e+02 -7.467735e-06 3.518971e-01 1.696718e+01
6.090000e+02 -7.228625e-06 3.506706e-01 1.706914e+01
6.100000e+02 -7.335844e-06 3.494368e-01 1.717018e+01
6.110000e+02 -7.203362e-06 3.481957e-01 1.727105e+01
6.120000e+02 -7.277496e-06 3.469474e-01 1.737152e+01
6.130000e+02 -7.464969e-06 3.456918e-01 1.747380e+01
6.140000e+02 -7.669918e-06 3.444288e-01 1.757881e+01
6.150000e+02 -7.769318e-06 3.431581e-01 1.768592e+01
6.160000e+02 -7.632689e-06 3.418796e-01 1.779278e+01
6.170000e+02 -7.301132e-06 3.405935e-01 1.789639e+01
6.180000e+02 -7.426159e-06 3.393001e-01 1.799856e+01
6.190000e+02 -7.304547e-06 3.379993e-01 1.810076e+01
6.200000e+02 -7.451096e-06 3.366911e-01 1.820314e+01
6.210000e+02 -7.343425e-06 3.353755e-01 1.830578e+01
6.220000e+02 -6.922448e-06 3.340526e-01 1.840475e+01
6.230000e+02 -7.027013e-06 3.327227e-01 1.850153e+01
6.240000e+02 -7.267689e-06 3.313859e-01 1.860071e+01
6.250000e+02 -7.046388e-06 3.300417e-01 1.870002e+01
6.260000e+02 -6.900665e-06 3.286905e-01 1.879678e+01
6.270000e+02 -7.190513e-06 3.273324e-01 1.889454e+01
6.280000e+02 -7.225901e-06 3.259671e-01 1.899456e+01
6.290000e+02 -7.035494e-06 3.245946e-01 1.909351e+01
6.300000e+02 -6.890573e-06 3.232151e-01 1.919012e+01
6.310000e+02 -7.012572e-06 3.218286e-01 1.928658e+01
6.320000e+02 -7.010487e-06 3.204352e-01 1.938387e+01
6.330000e+02 -6.920644e-06 3.190347e-01 1.948053e+01
6.340000e+02 -7.246600e-06 3.176273e-01 1.957882e+01
6.350000e+02 -7.116529e-06 3.162127e-01 1.967847e+01
6.360000e+02 -7.128571e-06 3.147909e-01 1.977730e+01
6.370000e+02 -7.457349e-06 3.133620e-01 1.987849e+01
6.380000e+02 -7.357948e-06 3.119257e-01 1.998128e+01
6.390000e+02 -7.175753e-06 3.104820e-01 2.008211e+01
6.400000e+02 -6.972320e-06 3.090312e-01 2.018027e+01
6.410000e+02 -6.697985e-06 3.075733e-01 2.027511e+01
6.420000e+02 -6.946753e-06 3.061088e-01 2.036978e+01
6.430000e+02 -7.180871e-06 3.046373e-01 2.046779e+01
6.440000e+02 -7.302195e-06 3.031586e-01 2.056828e+01
6.450000e+02 -6.960182e-06 3.016727e-01 2.066723e+01
6.460000e+02 -6.874856e-06 3.001797e-01 2.076321e+01
6.470000e+02 -6.715232e-06 2.986799e-01 2.085750e+01
6.480000e+02 -6.539174e-06 2.971734e-01 2.094946e+01
6.490000e+02 -6.780696e-06 2.956603e-01 2.104187e+01
6.500000e+02 -6.989328e-06 2.941405e-01 2.113740e+01
6.510000e+02 -7.000250e-06 2.926137e-01 2.123446e+01
6.520000e+02 -6.913763e-06 2.910798e-01 2.133099e+01
6.530000e+02 -6.727141e-06 2.895391e-01 2.142563e+01
6.540000e+02 -7.033769e-06 2.879916e-01 2.152110e+01
6.550000e+02 -6.985703e-06 2.864371e-01 2.161837e+01
6.560000e+02 -7.154835e-06 2.848756e-01 2.171647e+01
6.570000e+02 -6.716013e-06 2.833070e-01 2.181271e+01
6.580000e+02 -6.744906e-06 2.817316e-01 2.190610e+01
6.590000e+02 -6.910183e-06 2.801495e-01 2.200084e+01
6.600000e+02 -6.799011e-06 2.785605e-01 2.209595e+01
6.610000e+02 -6.670229e-06 2.769647e-01 2.218940e+01
6.620000e+02 -6.607128e-06 2.753622e-01 2.228151e+01
6.630000e+02 -6.698774e-06 2.737531e-01 2.237383e+01
6.640000e+02 -6.995131e-06 2.721373e-01 2.246884e+01
6.650000e+02 -6.734419e-06 2.705146e-01 2.256409e+01
6.660000e+02 -6.848725e-06 2.688850e-01 2.265833e+01
6.670000e+02 -6.761302e-06 2.672487e-01 2.275275e+01
6.680000e+02 -6.843311e-06 2.656055e-01 2.284714e+01
6.690000e+02 -6.615174e-06 2.639556e-01 2.294051e+01
6.700000e+02 -6.764715e-06 2.622990e-01 2.303334e+01
6.710000e+02 -6.582012e-06 2.606356e-01 2.312594e+01
6.720000e+02 -6.574646e-06 2.589657e-01 2.321722e+01
6.730000e+02 -6.489861e-06 2.572892e-01 2.330786e+01
6.740000e+02 -6.667082e-06 2.556062e-01 2.339914e+01
6.750000e+02 -6.378366e-06 2.539165e-01 2.348965e+01
6.760000e+02 -6.297555e-06 2.522205e-01 2.357759e+01
6.770000e+02 -6.709917e-06 2.505181e-01 2.366783e+01
6.780000e+02 -6.774310e-06 2.488091e-01 2.376139e+01
6.790000e+02 -6.702761e-06 2.470933e-01 2.385489e+01
6.800000e+02 -6.719311e-06 2.453707e-01 2.394801e+01
6.810000e+02 -6.730734e-06 2.436415e-01 2.404132e+01
6.820000e+02 -6.810765e-06 2.419055e-01 2.413527e+01
6.830000e+02 -6.791035e-06 2.401627e-01 2.422964e+01
6.840000e+02 -6.716286e-06 2.384131e-01 2.432335e+01
6.850000e+02 -6.587454e-06 2.366568e-01 2.441565e+01
6.860000e+02 -6.455371e-06 2.348939e-01 2.450614e+01
6.870000e+02 -6.430596e-06 2.331246e-01 2.459554e+01
6.880000e+02 -6.751019e-06 2.313488e-01 2.468700e+01
6.890000e+02 -6.517671e-06 2.295663e-01 2.477905e+01
6.900000e+02 -6.619075e-06 2.277773e-01 2.487019e+01
6.910000e+02 -6.463571e-06 2.259816e-01 2.496096e+01
6.920000e+02 -6.374879e-06 2.241795e-01 2.505003e+01
6.930000e+02 -6.617040e-06 2.223710e-01 2.514017e+01
6.940000e+02 -6.490259e-06 2.205559e-01 2.523110e+01
6.950000e+02 -6.230473e-06 2.187343e-01 2.531936e+01
6.960000e+02 -5.764272e-06 2.169064e-01 2.540258e+01
6.970000e+02 -5.812658e-06 2.150728e-01 2.548290e+01
6.980000e+02 -6.145174e-06 2.132334e-01 2.556586e+01
6.990000e+02 -5.999409e-06 2.113879e-01 2.565012e+01
7.000000e+02 -5.964223e-06 2.095363e-01 2.573312e+01
7.010000e+02 -6.195949e-06 2.076788e-01 2.581748e+01
7.020000e+02 -6.322100e-06 2.058151e-01 2.590433e+01
7.030000e+02 -6.483018e-06 2.039450e-01 2.599317e+01
7.040000e+02 -6.472632e-06 2.020685e-01 2.608306e+01
7.050000e+02 -6.027102e-06 2.001855e-01 2.616978e+01
7.060000e+02 -5.680870e-06 1.982965e-01 2.625101e+01
7.070000e+02 -5.795857e-06 1.964018e-01 2.633063e+01
7.080000e+02 -5.970412e-06 1.945013e-01 2.641227e+01
7.090000e+02 -5.880783e-06 1.925948e-01 2.649449e+01
7.100000e+02 -5.891213e-06 1.906825e-01 2.657616e+01
7.110000e+02 -5.834523e-06 1.887643e-01 2.665751e+01
7.120000e+02 -5.923391e-06 1.868402e-01 2.673909e+01
7.130000e+02 -5.950194e-06 1.849102e-01 2.682146e+01
7.140000e+02 -5.969584e-06 1.829742e-01 2.690416e+01
7.150000e+02 -5.582007e-06 1.810323e-01 2.698431e+01
7.160000e+02 -5.591431e-06 1.790848e-01 2.706183e+01
7.170000e+02 -5.508585e-06 1.771317e-01 2.713884e+01
7.180000e+02 -5.730468e-06 1.751731e-01 2.721681e+01
7.190000e+02 -5.797305e-06 1.732088e-01 2.729679e+01
7.200000e+02 -6.046288e-06 1.712387e-01 2.737896e+01
7.210000e+02 -5.951158e-06 1.692625e-01 2.746220e+01
7.220000e+02 -5.802233e-06 1.672804e-01 2.754374e+01
7.230000e+02 -5.693949e-06 1.652924e-01 2.762350e+01
7.240000e+02 -5.743031e-06 1.632988e-01 2.770285e+01
7.250000e+02 -5.575750e-06 1.612995e-01 2.778138e+01
7.260000e+02 -5.519590e-06 1.592945e-01 2.785835e+01
7.270000e+02 -5.511319e-06 1.572841e-01 2.793488e+01
7.280000e+02 -5.449848e-06 1.552681e-01 2.801093e+01
7.290000e+02 -5.578120e-06 1.532467e-01 2.808744e+01
7.300000e+02 -5.318196e-06 1.512197e-01 2.816304e+01
7.310000e+02 -5.321150e-06 1.491873e-01 2.823685e+01
7.320000e+02 -5.130309e-06 1.471497e-01 2.830937e+01
7.330000e+02 -5.506930e-06 1.451069e-01 2.838317e+01
7.340000e+02 -5.734536e-06 1.430587e-01 2.846116e+01
7.350000e+02 -5.531743e-06 1.410047e-01 2.853932e+01
7.360000e+02 -5.117326e-06 1.389451e-01 2.861320e+01
7.370000e+02 -5.291128e-06 1.368804e-01 2.868542e+01
7.380000e+02 -5.330161e-06 1.348105e-01 2.875911e+01
7.390000e+02 -5.618272e-06 1.327352e-01 2.883506e+01
7.400000e+02 -4.985067e-06 1.306543e-01 2.890863e+01
7.410000e+02 -4.915627e-06 1.285684e-01 2.897732e+01
7.420000e+02 -5.046581e-06 1.264776e-01 2.904643e+01
7.430000e+02 -5.320446e-06 1.243818e-01 2.911836e+01
7.440000e+02 -5.397149e-06 1.222806e-01 2.919272e+01
7.450000e+02 -5.097761e-06 1.201741e-01 2.926553e+01
7.460000e+02 -5.045383e-06 1.180624e-01 2.933590e+01
7.470000e+02 -5.033842e-06 1.159457e-01 2.940583e+01
7.480000e+02 -4.813988e-06 1.138240e-01 2.947415e+01
7.490000e+02 -4.867689e-06 1.116974e-01 2.954132e+01
7.500000e+02 -4.648226e-06 1.095660e-01 2.960734e+01
7.510000e+02 -4.738124e-06 1.074299e-01 2.967247e+01
7.520000e+02 -4.908316e-06 1.052891e-01 2.973939e+01
7.530000e+02 -4.953026e-06 1.031434e-01 2.980781e+01
7.540000e+02 -5.104573e-06 1.009927e-01 2.987759e+01
7.550000e+02 -4.694069e-06 9.883693e-02 2.994557e+01
7.560000e+02 -4.847078e-06 9.667647e-02 3.001176e+01
7.570000e+02 -4.627104e-06 9.451115e-02 3.007749e+01
7.580000e+02 -4.494051e-06 9.234121e-02 3.014078e+01
7.590000e+02 -4.504614e-06 9.016677e-02 3.020321e+01
7.600000e+02 -4.486077e-06 8.798783e-02 3.026558e+01
7.610000e+02 -4.489296e-06 8.580440e-02 3.032785e+01
7.620000e+02 -4.168117e-06 8.361648e-02 3.038792e+01
7.630000e+02 -4.281266e-06 8.142440e-02 3.044654e+01
7.640000e+02 -4.362649e-06 7.922803e-02 3.050651e+01
7.650000e+02 -4.464758e-06 7.702730e-02 3.056775e+01
7.660000e+02 -4.271625e-06 7.482211e-02 3.062836e+01
7.670000e+02 -4.086121e-06 7.261264e-02 3.068635e+01
7.680000e+02 -4.139384e-06 7.039909e-02 3.074342e+01
7.690000e+02 -3.985811e-06 6.818140e-02 3.079979e+01
7.700000e+02 -3.961590e-06 6.595973e-02 3.085493e+01
7.710000e+02 -4.150124e-06 6.373409e-02 3.091120e+01
7.720000e+02 -3.976447e-06 6.150430e-02 3.096759e+01
7.730000e+02 -3.824967e-06 5.927053e-02 3.102171e+01
7.740000e+02 -3.838955e-06 5.703295e-02 3.107488e+01
7.750000e+02 -3.771795e-06 5.479152e-02 3.112768e+01
7.760000e+02 -3.710215e-06 5.254632e-02 3.117959e+01
7.770000e+02 -3.710487e-06 5.029741e-02 3.123108e+01
7.780000e+02 -3.810911e-06 4.804478e-02 3.128326e+01
7.790000e+02 -3.411185e-06 4.578835e-02 3.133337e+01
7.800000e+02 -3.345281e-06 4.352851e-02 3.138024e+01
7.810000e+02 -3.516165e-06 4.126532e-02 3.142785e+01
7.820000e+02 -3.474335e-06 3.899862e-02 3.147635e+01
7.830000e+02 -3.185669e-06 3.672844e-02 3.152255e+01
7.840000e+02 -3.126478e-06 3.445507e-02 3.156634e+01
7.850000e+02 -3.154590e-06 3.217858e-02 3.160992e+01
7.860000e+02 -3.105123e-06 2.989893e-02 3.165335e+01
7.870000e+02 -2.973486e-06 2.761618e-02 3.169552e+01
7.880000e+02 -2.916123e-06 2.533046e-02 3.173638e+01
7.890000e+02 -2.955843e-06 2.304182e-02 3.177712e+01
7.900000e+02 -3.116647e-06 2.075022e-02 3.181925e+01
7.910000e+02 -2.961110e-06 1.845551e-02 3.186142e+01
7.920000e+02 -2.862122e-06 1.615784e-02 3.190182e+01
7.930000e+02 -2.715750e-06 1.385730e-02 3.194052e+01
7.940000e+02 -2.578572e-06 1.155405e-02 3.197725e+01
7.950000e+02 -2.700090e-06 9.248217e-03 3.201387e+01
7.960000e+02 -2.573292e-06 6.939686e-03 3.205046e+01
7.970000e+02 -2.294185e-06 4.628582e-03 3.208423e+01
7.980000e+02 -1.785942e-06 2.315184e-03 3.211254e+01
7.990000e+02 -1.676237e-04 0.000000e+00 3.214085e+01
