0.000000e+00 0.000000e+00 0.000000e+00 -8.481545e+03
1.000000e+00 -1.786103e-03 6.101392e-01 -8.444178e+03
2.000000e+00 -3.605899e-03 1.218492e+00 -8.406811e+03
3.000000e+00 -3.517699e-03 1.823239e+00 -8.357444e+03
4.000000e+00 -3.564704e-03 2.424469e+00 -8.308363e+03
5.000000e+00 -3.626775e-03 3.022134e+00 -8.258526e+03
6.000000e+00 -3.717863e-03 3.616172e+00 -8.207628e+03
7.000000e+00 -3.791744e-03 4.206492e+00 -8.155586e+03
8.000000e+00 -3.739863e-03 4.793020e+00 -8.103392e+03
9.000000e+00 -3.746509e-03 5.375809e+00 -8.051511e+03
1.000000e+01 -3.823291e-03 5.954851e+00 -7.999052e+03
1.100000e+01 -3.805408e-03 6.530070e+00 -7.946185e+03
1.200000e+01 -3.766506e-03 7.101483e+00 -7.893712e+03
1.300000e+01 -3.725505e-03 7.669130e+00 -7.841792e+03
1.400000e+01 -3.715565e-03 8.233051e+00 -7.790225e+03
1.500000e+01 -3.790437e-03 8.793257e+00 -7.738208e+03
1.600000e+01 -3.755446e-03 9.349672e+00 -7.685915e+03
1.700000e+01 -3.758870e-03 9.902332e+00 -7.633841e+03
1.800000e+01 -3.701807e-03 1.045123e+01 -7.582138e+03
1.900000e+01 -3.863502e-03 1.099643e+01 -7.529710e+03
2.000000e+01 -3.712486e-03 1.153777e+01 -7.477209e+03
2.100000e+01 -3.705575e-03 1.207539e+01 -7.425801e+03
2.200000e+01 -3.781379e-03 1.260931e+01 -7.373916e+03
2.300000e+01 -3.759537e-03 1.313945e+01 -7.321658e+03
2.400000e+01 -3.736596e-03 1.366582e+01 -7.269709e+03
2.500000e+01 -3.643456e-03 1.418846e+01 -7.218566e+03
2.600000e+01 -3.588782e-03 1.470746e+01 -7.168446e+03
2.700000e+01 -3.691912e-03 1.522287e+01 -7.117991e+03
2.800000e+01 -3.580064e-03 1.573458e+01 -7.067596e+03
2.900000e+01 -3.546632e-03 1.624272e+01 -7.018207e+03
3.000000e+01 -3.448016e-03 1.674731e+01 -6.969734e+03
3.100000e+01 -3.427369e-03 1.724845e+01 -6.922088e+03
3.200000e+01 -3.488981e-03 1.774616e+01 -6.874157e+03
3.300000e+01 -3.528413e-03 1.824039e+01 -6.825527e+03
3.400000e+01 -3.505425e-03 1.873108e+01 -6.776782e+03
3.500000e+01 -3.418923e-03 1.921828e+01 -6.728796e+03
3.600000e+01 -3.361674e-03 1.970205e+01 -6.681806e+03
3.700000e+01 -3.393257e-03 2.018246e+01 -6.634995e+03
3.800000e+01 -3.396799e-03 2.065948e+01 -6.587939e+03
3.900000e+01 -3.443083e-03 2.113310e+01 -6.540539e+03
4.000000e+01 -3.588203e-03 2.160327e+01 -6.491812e+03
4.100000e+01 -3.570554e-03 2.206986e+01 -6.442202e+03
4.200000e+01 -3.589353e-03 2.253288e+01 -6.392583e+03
4.300000e+01 -3.590376e-03 2.299231e+01 -6.342828e+03
4.400000e+01 -3.578922e-03 2.344815e+01 -6.293144e+03
4.500000e+01 -3.549801e-03 2.390041e+01 -6.243742e+03
4.600000e+01 -3.541371e-03 2.434912e+01 -6.194600e+03
4.700000e+01 -3.569748e-03 2.479429e+01 -6.145320e+03
4.800000e+01 -3.543268e-03 2.523589e+01 -6.096026e+03
4.900000e+01 -3.530719e-03 2.567394e+01 -6.047004e+03
5.000000e+01 -3.522079e-03 2.610847e+01 -5.998128e+03
5.100000e+01 -3.505712e-03 2.653947e+01 -5.949425e+03
5.200000e+01 -3.548508e-03 2.696697e+01 -5.900539e+03
5.300000e+01 -3.524342e-03 2.739092e+01 -5.851524e+03
5.400000e+01 -3.462158e-03 2.781134e+01 -5.803107e+03
5.500000e+01 -3.494163e-03 2.822830e+01 -5.754900e+03
5.600000e+01 -3.444804e-03 2.864177e+01 -5.706813e+03
5.700000e+01 -3.493905e-03 2.905179e+01 -5.658727e+03
5.800000e+01 -3.630891e-03 2.945832e+01 -5.609352e+03
5.900000e+01 -3.665416e-03 2.986122e+01 -5.558789e+03
6.000000e+01 -3.637423e-03 3.026046e+01 -5.508180e+03
6.100000e+01 -3.431452e-03 3.065605e+01 -5.459192e+03
6.200000e+01 -3.514669e-03 3.104822e+01 -5.411056e+03
6.300000e+01 -3.547436e-03 3.143686e+01 -5.362115e+03
6.400000e+01 -3.463907e-03 3.182197e+01 -5.313526e+03
6.500000e+01 -3.476796e-03 3.220360e+01 -5.265427e+03
6.600000e+01 -3.515973e-03 3.258177e+01 -5.216967e+03
6.700000e+01 -3.500548e-03 3.295641e+01 -5.168342e+03
6.800000e+01 -3.447348e-03 3.332756e+01 -5.120193e+03
6.900000e+01 -3.395122e-03 3.369525e+01 -5.072775e+03
7.000000e+01 -3.409938e-03 3.405956e+01 -5.025616e+03
7.100000e+01 -3.301390e-03 3.442045e+01 -4.979106e+03
7.200000e+01 -3.306017e-03 3.477804e+01 -4.933317e+03
7.300000e+01 -3.382198e-03 3.513232e+01 -4.886967e+03
7.400000e+01 -3.400332e-03 3.548323e+01 -4.839964e+03
7.500000e+01 -3.289814e-03 3.583073e+01 -4.793601e+03
7.600000e+01 -3.102753e-03 3.617494e+01 -4.749301e+03
7.700000e+01 -3.171354e-03 3.651605e+01 -4.705821e+03
7.800000e+01 -3.187453e-03 3.685399e+01 -4.661754e+03
7.900000e+01 -3.112981e-03 3.718874e+01 -4.618092e+03
8.000000e+01 -3.153972e-03 3.752038e+01 -4.574662e+03
8.100000e+01 -3.120507e-03 3.784886e+01 -4.531180e+03
8.200000e+01 -3.030310e-03 3.817423e+01 -4.488554e+03
8.300000e+01 -3.059055e-03 3.849656e+01 -4.446355e+03
8.400000e+01 -3.215376e-03 3.881584e+01 -4.402873e+03
8.500000e+01 -3.155617e-03 3.913190e+01 -4.358722e+03
8.600000e+01 -3.200187e-03 3.944480e+01 -4.314676e+03
8.700000e+01 -3.211342e-03 3.975450e+01 -4.270244e+03
8.800000e+01 -3.237627e-03 4.006099e+01 -4.225553e+03
8.900000e+01 -3.150345e-03 4.036425e+01 -4.181284e+03
9.000000e+01 -3.351292e-03 4.066435e+01 -4.136227e+03
9.100000e+01 -3.221787e-03 4.096110e+01 -4.090676e+03
9.200000e+01 -3.197411e-03 4.125463e+01 -4.046190e+03
9.300000e+01 -3.253221e-03 4.154497e+01 -4.001487e+03
9.400000e+01 -3.333482e-03 4.183205e+01 -3.955841e+03
9.500000e+01 -3.244770e-03 4.211579e+01 -3.910254e+03
9.600000e+01 -3.244990e-03 4.239630e+01 -3.865280e+03
9.700000e+01 -3.139994e-03 4.267355e+01 -3.821032e+03
9.800000e+01 -3.033974e-03 4.294767e+01 -3.778246e+03
9.900000e+01 -3.149703e-03 4.321875e+01 -3.735393e+03
1.000000e+02 -3.169388e-03 4.348669e+01 -3.691602e+03
1.010000e+02 -3.124969e-03 4.375145e+01 -3.647982e+03
1.020000e+02 -3.020911e-03 4.401309e+01 -3.605390e+03
1.030000e+02 -3.094571e-03 4.427171e+01 -3.563010e+03
1.040000e+02 -3.060379e-03 4.452723e+01 -3.520356e+03
1.050000e+02 -3.155569e-03 4.477969e+01 -3.477279e+03
1.060000e+02 -3.261366e-03 4.502900e+01 -3.432810e+03
1.070000e+02 -3.110489e-03 4.527505e+01 -3.388653e+03
1.080000e+02 -3.083674e-03 4.551798e+01 -3.345727e+03
1.090000e+02 -3.057573e-03 4.575783e+01 -3.303168e+03
1.100000e+02 -3.106339e-03 4.599463e+01 -3.260452e+03
1.110000e+02 -3.015201e-03 4.622832e+01 -3.218030e+03
1.120000e+02 -3.064842e-03 4.645899e+01 -3.175895e+03
1.130000e+02 -3.138287e-03 4.668660e+01 -3.132907e+03
1.140000e+02 -3.125196e-03 4.691107e+01 -3.089501e+03
1.150000e+02 -3.081869e-03 4.713241e+01 -3.046486e+03
1.160000e+02 -3.103323e-03 4.735067e+01 -3.003622e+03
1.170000e+02 -3.172238e-03 4.756583e+01 -2.960133e+03
1.180000e+02 -2.998660e-03 4.777782e+01 -2.917368e+03
1.190000e+02 -2.982415e-03 4.798681e+01 -2.875919e+03
1.200000e+02 -3.049844e-03 4.819281e+01 -2.834116e+03
1.210000e+02 -3.032704e-03 4.839577e+01 -2.791963e+03
1.220000e+02 -3.075760e-03 4.859569e+01 -2.749632e+03
1.230000e+02 -3.042215e-03 4.879254e+01 -2.707234e+03
1.240000e+02 -3.024881e-03 4.898635e+01 -2.665189e+03
1.250000e+02 -2.941930e-03 4.917713e+01 -2.623839e+03
1.260000e+02 -2.959063e-03 4.936497e+01 -2.582945e+03
1.270000e+02 -2.877971e-03 4.954985e+01 -2.542494e+03
1.280000e+02 -2.921745e-03 4.973185e+01 -2.502302e+03
1.290000e+02 -3.024671e-03 4.991093e+01 -2.461093e+03
1.300000e+02 -3.034075e-03 5.008698e+01 -2.419106e+03
1.310000e+02 -3.004698e-03 5.026000e+01 -2.377257e+03
1.320000e+02 -3.063253e-03 5.043002e+01 -2.335206e+03
1.330000e+02 -3.088143e-03 5.059697e+01 -2.292577e+03
1.340000e+02 -2.837285e-03 5.076084e+01 -2.251513e+03
1.350000e+02 -2.911888e-03 5.092186e+01 -2.211671e+03
1.360000e+02 -2.827560e-03 5.107998e+01 -2.171897e+03
1.370000e+02 -2.869036e-03 5.123527e+01 -2.132419e+03
1.380000e+02 -2.924632e-03 5.138769e+01 -2.092269e+03
1.390000e+02 -2.977219e-03 5.153718e+01 -2.051369e+03
1.400000e+02 -2.928043e-03 5.168370e+01 -2.010445e+03
1.410000e+02 -2.834471e-03 5.182729e+01 -1.970511e+03
1.420000e+02 -2.821666e-03 5.196804e+01 -1.931314e+03
1.430000e+02 -2.813246e-03 5.210598e+01 -1.892264e+03
1.440000e+02 -2.634574e-03 5.224110e+01 -1.854510e+03
1.450000e+02 -2.380315e-03 5.237358e+01 -1.819757e+03
1.460000e+02 -2.448686e-03 5.250369e+01 -1.786292e+03
1.470000e+02 -2.492079e-03 5.263134e+01 -1.752052e+03
1.480000e+02 -2.673541e-03 5.275651e+01 -1.716255e+03
1.490000e+02 -2.666774e-03 5.287900e+01 -1.679246e+03
1.500000e+02 -2.672753e-03 5.299882e+01 -1.642243e+03
1.510000e+02 -2.609369e-03 5.311597e+01 -1.605638e+03
1.520000e+02 -2.638661e-03 5.323052e+01 -1.569269e+03
1.530000e+02 -2.780113e-03 5.334242e+01 -1.531717e+03
1.540000e+02 -2.716088e-03 5.345154e+01 -1.493628e+03
1.550000e+02 -2.708338e-03 5.355795e+01 -1.456036e+03
1.560000e+02 -2.643706e-03 5.366165e+01 -1.418947e+03
1.570000e+02 -2.588382e-03 5.376270e+01 -1.382688e+03
1.580000e+02 -2.420496e-03 5.386117e+01 -1.347977e+03
1.590000e+02 -2.366394e-03 5.395722e+01 -1.314803e+03
1.600000e+02 -2.318854e-03 5.405090e+01 -1.282334e+03
1.610000e+02 -2.294719e-03 5.414226e+01 -1.250362e+03
1.620000e+02 -2.153013e-03 5.423132e+01 -1.219539e+03
1.630000e+02 -2.164352e-03 5.431824e+01 -1.189620e+03
1.640000e+02 -2.262051e-03 5.440298e+01 -1.158945e+03
1.650000e+02 -2.272367e-03 5.448547e+01 -1.127521e+03
1.660000e+02 -2.239003e-03 5.456568e+01 -1.096257e+03
1.670000e+02 -2.200597e-03 5.464366e+01 -1.065491e+03
1.680000e+02 -2.108448e-03 5.471943e+01 -1.035629e+03
1.690000e+02 -2.115977e-03 5.479310e+01 -1.006354e+03
1.700000e+02 -2.106946e-03 5.486465e+01 -9.770888e+02
1.710000e+02 -2.148593e-03 5.493409e+01 -9.475978e+02
1.720000e+02 -2.287394e-03 5.500139e+01 -9.168563e+02
1.730000e+02 -2.390995e-03 5.506640e+01 -8.844350e+02
1.740000e+02 -2.307796e-03 5.512901e+01 -8.518722e+02
1.750000e+02 -2.169100e-03 5.518932e+01 -8.208472e+02
1.760000e+02 -2.197521e-03 5.524746e+01 -7.905865e+02
1.770000e+02 -2.184418e-03 5.530340e+01 -7.602195e+02
1.780000e+02 -2.058845e-03 5.535716e+01 -7.308136e+02
1.790000e+02 -1.981717e-03 5.540886e+01 -7.028124e+02
1.800000e+02 -1.883924e-03 5.545858e+01 -6.760235e+02
1.810000e+02 -1.900426e-03 5.550641e+01 -6.497978e+02
1.820000e+02 -1.836374e-03 5.555234e+01 -6.239017e+02
1.830000e+02 -1.704731e-03 5.559644e+01 -5.993618e+02
1.840000e+02 -1.678895e-03 5.563883e+01 -5.759132e+02
1.850000e+02 -1.894654e-03 5.567954e+01 -5.511484e+02
1.860000e+02 -1.830065e-03 5.571836e+01 -5.253361e+02
1.870000e+02 -1.633540e-03 5.575535e+01 -5.013332e+02
1.880000e+02 -1.890990e-03 5.579070e+01 -4.769081e+02
1.890000e+02 -1.688175e-03 5.582417e+01 -4.521044e+02
1.900000e+02 -1.610953e-03 5.585594e+01 -4.292414e+02
1.910000e+02 -1.899726e-03 5.588611e+01 -4.049123e+02
1.920000e+02 -1.756852e-03 5.591437e+01 -3.795722e+02
1.930000e+02 -1.761191e-03 5.594088e+01 -3.551920e+02
1.940000e+02 -1.750302e-03 5.596562e+01 -3.308573e+02
1.950000e+02 -1.560895e-03 5.598862e+01 -3.079106e+02
1.960000e+02 -1.709880e-03 5.601006e+01 -2.852441e+02
1.970000e+02 -1.604372e-03 5.602978e+01 -2.622762e+02
1.980000e+02 -1.680215e-03 5.604790e+01 -2.395140e+02
1.990000e+02 -1.736894e-03 5.606434e+01 -2.158333e+02
2.000000e+02 -1.383668e-03 5.607905e+01 -1.942078e+02
2.010000e+02 -1.215582e-03 5.609237e+01 -1.761949e+02
2.020000e+02 -1.556234e-03 5.610447e+01 -1.569862e+02
2.030000e+02 -1.374570e-03 5.611502e+01 -1.366756e+02
2.040000e+02 -1.444932e-03 5.612419e+01 -1.171364e+02
2.050000e+02 -1.641179e-03 5.613192e+01 -9.574961e+01
2.060000e+02 -1.722123e-03 5.613801e+01 -7.244185e+01
2.070000e+02 -1.451658e-03 5.614238e+01 -5.044748e+01
2.080000e+02 -1.066925e-03 5.614529e+01 -3.299365e+01
2.090000e+02 -1.382178e-03 5.614714e+01 -1.602131e+01
2.100000e+02 -1.382243e-03 5.614760e+01 3.136189e+00
2.110000e+02 -1.618166e-03 5.614668e+01 2.392909e+01
2.120000e+02 -1.353530e-03 5.614415e+01 4.452301e+01
2.130000e+02 -1.218314e-03 5.614026e+01 6.234594e+01
2.140000e+02 -1.431722e-03 5.613515e+01 8.071074e+01
2.150000e+02 -1.386372e-03 5.612861e+01 1.002402e+02
2.160000e+02 -1.441544e-03 5.612069e+01 1.198377e+02
2.170000e+02 -1.334025e-03 5.611132e+01 1.390725e+02
2.180000e+02 -1.350916e-03 5.610062e+01 1.576792e+02
2.190000e+02 -1.543705e-03 5.608857e+01 1.777389e+02
2.200000e+02 -1.694500e-03 5.607497e+01 2.001798e+02
2.210000e+02 -1.442226e-03 5.605968e+01 2.219173e+02
2.220000e+02 -1.268968e-03 5.604295e+01 2.407060e+02
2.230000e+02 -1.462849e-03 5.602495e+01 2.596375e+02
2.240000e+02 -1.501597e-03 5.600548e+01 2.801812e+02
2.250000e+02 -1.425610e-03 5.598452e+01 3.004668e+02
2.260000e+02 -1.485160e-03 5.596213e+01 3.206385e+02
2.270000e+02 -1.559012e-03 5.593825e+01 3.417347e+02
2.280000e+02 -1.433672e-03 5.591281e+01 3.624740e+02
2.290000e+02 -1.780282e-03 5.588594e+01 3.847468e+02
2.300000e+02 -1.942117e-03 5.585729e+01 4.105431e+02
2.310000e+02 -2.026014e-03 5.582670e+01 4.380424e+02
2.320000e+02 -1.774368e-03 5.579409e+01 4.643791e+02
2.330000e+02 -1.685762e-03 5.575969e+01 4.883579e+02
2.340000e+02 -1.989221e-03 5.572362e+01 5.138256e+02
2.350000e+02 -1.947299e-03 5.568555e+01 5.411057e+02
2.360000e+02 -1.964962e-03 5.564553e+01 5.682178e+02
2.370000e+02 -1.988885e-03 5.560355e+01 5.956180e+02
2.380000e+02 -2.069699e-03 5.555959e+01 6.237441e+02
2.390000e+02 -2.298778e-03 5.551355e+01 6.540178e+02
2.400000e+02 -2.173574e-03 5.546521e+01 6.850113e+02
2.410000e+02 -2.175798e-03 5.541470e+01 7.151525e+02
2.420000e+02 -2.109350e-03 5.536202e+01 7.448487e+02
2.430000e+02 -2.196804e-03 5.530722e+01 7.746904e+02
2.440000e+02 -2.186476e-03 5.525023e+01 8.050667e+02
2.450000e+02 -2.415256e-03 5.519105e+01 8.369568e+02
2.460000e+02 -2.184451e-03 5.512946e+01 8.688328e+02
2.470000e+02 -1.946615e-03 5.506568e+01 8.974612e+02
2.480000e+02 -2.033871e-03 5.499995e+01 9.250461e+02
2.490000e+02 -2.225428e-03 5.493219e+01 9.545631e+02
2.500000e+02 -2.279197e-03 5.486221e+01 9.857802e+02
2.510000e+02 -2.215238e-03 5.478995e+01 1.016927e+03
2.520000e+02 -2.198124e-03 5.471547e+01 1.047511e+03
2.530000e+02 -2.218271e-03 5.463879e+01 1.078117e+03
2.540000e+02 -2.130967e-03 5.455989e+01 1.108257e+03
2.550000e+02 -2.104254e-03 5.447887e+01 1.137608e+03
2.560000e+02 -2.151610e-03 5.439574e+01 1.167101e+03
2.570000e+02 -2.093541e-03 5.431046e+01 1.196520e+03
2.580000e+02 -2.224931e-03 5.422308e+01 1.226447e+03
2.590000e+02 -2.210991e-03 5.413348e+01 1.257188e+03
2.600000e+02 -2.429028e-03 5.404167e+01 1.289343e+03
2.610000e+02 -2.477948e-03 5.394743e+01 1.323349e+03
2.620000e+02 -2.513587e-03 5.385071e+01 1.357940e+03
2.630000e+02 -2.571267e-03 5.375148e+01 1.393178e+03
2.640000e+02 -2.632666e-03 5.364968e+01 1.429242e+03
2.650000e+02 -2.542695e-03 5.354524e+01 1.465107e+03
2.660000e+02 -2.566554e-03 5.343826e+01 1.500514e+03
2.670000e+02 -2.533880e-03 5.332872e+01 1.535861e+03
2.680000e+02 -2.508993e-03 5.321664e+01 1.570808e+03
2.690000e+02 -2.401291e-03 5.310205e+01 1.604836e+03
2.700000e+02 -2.355116e-03 5.298506e+01 1.637798e+03
2.710000e+02 -2.382583e-03 5.286571e+01 1.670630e+03
2.720000e+02 -2.367113e-03 5.274399e+01 1.703546e+03
2.730000e+02 -2.381646e-03 5.261989e+01 1.736455e+03
2.740000e+02 -2.424993e-03 5.249342e+01 1.769765e+03
2.750000e+02 -2.495450e-03 5.236452e+01 1.803864e+03
2.760000e+02 -2.561988e-03 5.223312e+01 1.838912e+03
2.770000e+02 -2.710689e-03 5.209916e+01 1.875452e+03
2.780000e+02 -2.843310e-03 5.196249e+01 1.913941e+03
2.790000e+02 -2.639736e-03 5.182298e+01 1.951939e+03
2.800000e+02 -2.761619e-03 5.168083e+01 1.989370e+03
2.810000e+02 -2.705284e-03 5.153592e+01 2.027256e+03
2.820000e+02 -2.790549e-03 5.138830e+01 2.065342e+03
2.830000e+02 -2.677380e-03 5.123789e+01 2.103235e+03
2.840000e+02 -2.769545e-03 5.108480e+01 2.140982e+03
2.850000e+02 -2.804454e-03 5.092894e+01 2.179610e+03
2.860000e+02 -2.791368e-03 5.077028e+01 2.218390e+03
2.870000e+02 -2.743408e-03 5.060883e+01 2.256746e+03
2.880000e+02 -2.846179e-03 5.044464e+01 2.295482e+03
2.890000e+02 -2.937649e-03 5.027759e+01 2.335564e+03
2.900000e+02 -3.070303e-03 5.010761e+01 2.377199e+03
2.910000e+02 -3.245223e-03 4.993457e+01 2.420966e+03
2.920000e+02 -3.215181e-03 4.975827e+01 2.465736e+03
2.930000e+02 -3.186702e-03 4.957876e+01 2.510102e+03
2.940000e+02 -3.130993e-03 4.939606e+01 2.553883e+03
2.950000e+02 -2.947834e-03 4.921024e+01 2.596010e+03
2.960000e+02 -3.074572e-03 4.902146e+01 2.637745e+03
2.970000e+02 -3.049060e-03 4.882961e+01 2.680182e+03
2.980000e+02 -3.020456e-03 4.863471e+01 2.722244e+03
2.990000e+02 -3.118415e-03 4.843679e+01 2.764786e+03
3.000000e+02 -3.154457e-03 4.823575e+01 2.808258e+03
3.010000e+02 -3.088351e-03 4.803156e+01 2.851520e+03
3.020000e+02 -3.194083e-03 4.782428e+01 2.895058e+03
3.030000e+02 -3.040371e-03 4.761380e+01 2.938263e+03
3.040000e+02 -2.984445e-03 4.740029e+01 2.980015e+03
3.050000e+02 -3.022342e-03 4.718379e+01 3.021642e+03
3.060000e+02 -3.034783e-03 4.696427e+01 3.063618e+03
3.070000e+02 -3.107611e-03 4.674171e+01 3.106185e+03
3.080000e+02 -3.019759e-03 4.651605e+01 3.148648e+03
3.090000e+02 -3.187143e-03 4.628736e+01 3.191662e+03
3.100000e+02 -3.172770e-03 4.605549e+01 3.235736e+03
3.110000e+02 -3.109358e-03 4.582045e+01 3.279271e+03
3.120000e+02 -3.032542e-03 4.558229e+01 3.321835e+03
3.130000e+02 -2.929490e-03 4.534111e+01 3.363152e+03
3.140000e+02 -3.005577e-03 4.509699e+01 3.404282e+03
3.150000e+02 -3.110239e-03 4.484987e+01 3.446665e+03
3.160000e+02 -3.085000e-03 4.459964e+01 3.489598e+03
3.170000e+02 -3.138007e-03 4.434632e+01 3.532723e+03
3.180000e+02 -3.219797e-03 4.408987e+01 3.576783e+03
3.190000e+02 -3.231256e-03 4.383019e+01 3.621489e+03
3.200000e+02 -3.292607e-03 4.356729e+01 3.666699e+03
3.210000e+02 -3.244205e-03 4.330109e+01 3.712000e+03
3.220000e+02 -3.180410e-03 4.303165e+01 3.756522e+03
3.230000e+02 -3.333748e-03 4.275902e+01 3.801666e+03
3.240000e+02 -3.304051e-03 4.248307e+01 3.847666e+03
3.250000e+02 -3.298383e-03 4.220381e+01 3.893421e+03
3.260000e+02 -3.329892e-03 4.192125e+01 3.939355e+03
3.270000e+02 -3.223151e-03 4.163536e+01 3.984768e+03
3.280000e+02 -3.331501e-03 4.134625e+01 4.030192e+03
3.290000e+02 -3.290786e-03 4.105380e+01 4.076084e+03
3.300000e+02 -3.262574e-03 4.075807e+01 4.121499e+03
3.310000e+02 -3.160105e-03 4.045907e+01 4.166008e+03
3.320000e+02 -3.190932e-03 4.015692e+01 4.210021e+03
3.330000e+02 -3.291018e-03 3.985157e+01 4.254941e+03
3.340000e+02 -3.296925e-03 3.954293e+01 4.300596e+03
3.350000e+02 -3.307901e-03 3.923099e+01 4.346367e+03
3.360000e+02 -3.357267e-03 3.891575e+01 4.392557e+03
3.370000e+02 -3.332473e-03 3.859715e+01 4.438917e+03
3.380000e+02 -3.318822e-03 3.827521e+01 4.485011e+03
3.390000e+02 -3.442349e-03 3.794996e+01 4.531866e+03
3.400000e+02 -3.393335e-03 3.762127e+01 4.579237e+03
3.410000e+02 -3.396154e-03 3.728918e+01 4.626289e+03
3.420000e+02 -3.374061e-03 3.695370e+01 4.673206e+03
3.430000e+02 -3.218449e-03 3.661484e+01 4.718893e+03
3.440000e+02 -3.239599e-03 3.627276e+01 4.763647e+03
3.450000e+02 -3.211060e-03 3.592744e+01 4.808350e+03
3.460000e+02 -3.228693e-03 3.557892e+01 4.852978e+03
3.470000e+02 -3.239468e-03 3.522716e+01 4.897802e+03
3.480000e+02 -3.231798e-03 3.487217e+01 4.942648e+03
3.490000e+02 -3.213265e-03 3.451394e+01 4.987313e+03
3.500000e+02 -3.247697e-03 3.415250e+01 5.032087e+03
3.510000e+02 -3.310615e-03 3.378781e+01 5.077537e+03
3.520000e+02 -3.279763e-03 3.341981e+01 5.123208e+03
3.530000e+02 -3.303431e-03 3.304853e+01 5.168830e+03
3.540000e+02 -3.276143e-03 3.267395e+01 5.214426e+03
3.550000e+02 -3.275913e-03 3.229609e+01 5.259832e+03
3.560000e+02 -3.317258e-03 3.191496e+01 5.305523e+03
3.570000e+02 -3.422984e-03 3.153051e+01 5.352233e+03
3.580000e+02 -3.495725e-03 3.114263e+01 5.400180e+03
3.590000e+02 -3.474699e-03 3.075126e+01 5.448485e+03
3.600000e+02 -3.442261e-03 3.035642e+01 5.496420e+03
3.610000e+02 -3.546925e-03 2.995813e+01 5.544855e+03
3.620000e+02 -3.547483e-03 2.955630e+01 5.594019e+03
3.630000e+02 -3.523782e-03 2.915092e+01 5.643023e+03
3.640000e+02 -3.533912e-03 2.874201e+01 5.691933e+03
3.650000e+02 -3.520439e-03 2.832957e+01 5.740820e+03
3.660000e+02 -3.417343e-03 2.791361e+01 5.788899e+03
3.670000e+02 -3.450952e-03 2.749424e+01 5.836497e+03
3.680000e+02 -3.504444e-03 2.707141e+01 5.884698e+03
3.690000e+02 -3.595237e-03 2.664508e+01 5.933899e+03
3.700000e+02 -3.609414e-03 2.621515e+01 5.983827e+03
3.710000e+02 -3.482170e-03 2.578161e+01 6.032972e+03
3.720000e+02 -3.519812e-03 2.534459e+01 6.081496e+03
3.730000e+02 -3.508093e-03 2.490405e+01 6.130199e+03
3.740000e+02 -3.502881e-03 2.446001e+01 6.178785e+03
3.750000e+02 -3.577022e-03 2.401246e+01 6.227849e+03
3.760000e+02 -3.672860e-03 2.356133e+01 6.278091e+03
3.770000e+02 -3.665435e-03 2.310653e+01 6.328946e+03
3.780000e+02 -3.655752e-03 2.264806e+01 6.379682e+03
3.790000e+02 -3.753091e-03 2.218594e+01 6.431025e+03
3.800000e+02 -3.747902e-03 2.172007e+01 6.483007e+03
3.810000e+02 -3.607399e-03 2.125045e+01 6.533979e+03
3.820000e+02 -3.587408e-03 2.077722e+01 6.583840e+03
3.830000e+02 -3.616822e-03 2.030040e+01 6.633765e+03
3.840000e+02 -3.743778e-03 1.981997e+01 6.684774e+03
3.850000e+02 -3.726927e-03 1.933579e+01 6.736546e+03
3.860000e+02 -3.661492e-03 1.884789e+01 6.787748e+03
3.870000e+02 -3.762321e-03 1.835632e+01 6.839195e+03
3.880000e+02 -3.794594e-03 1.786099e+01 6.891565e+03
3.890000e+02 -3.708564e-03 1.736187e+01 6.943562e+03
3.900000e+02 -3.677002e-03 1.685904e+01 6.994744e+03
3.910000e+02 -3.595750e-03 1.635253e+01 7.045145e+03
3.920000e+02 -3.698405e-03 1.584243e+01 7.095693e+03
3.930000e+02 -3.736890e-03 1.532862e+01 7.147220e+03
3.940000e+02 -3.631612e-03 1.481108e+01 7.198284e+03
3.950000e+02 -3.753002e-03 1.428991e+01 7.249459e+03
3.960000e+02 -3.771302e-03 1.376499e+01 7.301603e+03
3.970000e+02 -3.724528e-03 1.323629e+01 7.353549e+03
3.980000e+02 -3.718364e-03 1.270388e+01 7.405129e+03
3.990000e+02 -3.688414e-03 1.216774e+01 7.456458e+03
4.000000e+02 -3.725975e-03 1.162791e+01 7.507840e+03
4.010000e+02 -3.696726e-03 1.108436e+01 7.559279e+03
4.020000e+02 -3.767165e-03 1.053711e+01 7.611004e+03
4.030000e+02 -3.767594e-03 9.986092e+00 7.663220e+03
4.040000e+02 -3.815052e-03 9.431308e+00 7.715768e+03
4.050000e+02 -3.808435e-03 8.872709e+00 7.768599e+03
4.060000e+02 -3.760063e-03 8.310302e+00 7.821049e+03
4.070000e+02 -3.706665e-03 7.744134e+00 7.872793e+03
4.080000e+02 -3.732967e-03 7.174260e+00 7.924350e+03
4.090000e+02 -3.652992e-03 6.600653e+00 7.975535e+03
4.100000e+02 -3.736671e-03 6.023393e+00 8.026746e+03
4.110000e+02 -3.775062e-03 5.442396e+00 8.078802e+03
4.120000e+02 -3.767941e-03 4.857624e+00 8.131075e+03
4.130000e+02 -3.733713e-03 4.269085e+00 8.183062e+03
4.140000e+02 -3.702053e-03 3.676811e+00 8.234592e+03
4.150000e+02 -3.705533e-03 3.080835e+00 8.285927e+03
4.160000e+02 -3.749138e-03 2.481154e+00 8.337588e+03
4.170000e+02 -3.692065e-03 1.877724e+00 8.389155e+03
4.180000e+02 -6.634795e-01 1.270602e+00 8.440495e+03
4.190000e+02 -3.656868e-03 6.597633e-01 8.491834e+03
