0.000000e+00 0.000000e+00 
1.000000e+00 -1.283382e+00 
2.000000e+00 -1.714570e-03 
3.000000e+00 -1.108784e-03 
4.000000e+00 -1.224118e-03 
5.000000e+00 -4.416481e-04 
6.000000e+00 -1.734009e-03 
7.000000e+00 -9.245993e-04 
8.000000e+00 -1.331018e-03 
9.000000e+00 -7.415578e-04 
1.000000e+01 -6.308421e-04 
1.100000e+01 -3.609492e-04 
1.200000e+01 -1.039757e-03 
1.300000e+01 -8.977183e-04 
1.400000e+01 -1.851963e-03 
1.500000e+01 -1.415041e-03 
1.600000e+01 -3.620483e-04 
1.700000e+01 -9.864610e-04 
1.800000e+01 -2.305215e-04 
1.900000e+01 -1.615075e-03 
2.000000e+01 -8.352228e-04 
2.100000e+01 -8.617901e-04 
2.200000e+01 -3.506117e-04 
2.300000e+01 -4.786918e-04 
2.400000e+01 -3.802166e-04 
2.500000e+01 -1.393689e-03 
2.600000e+01 -1.712897e-03 
2.700000e+01 -2.696632e-04 
2.800000e+01 -2.912576e-04 
2.900000e+01 -4.286112e-04 
3.000000e+01 -1.191892e-03 
3.100000e+01 -5.456366e-04 
3.200000e+01 -1.077780e-03 
3.300000e+01 -3.704456e-04 
3.400000e+01 -5.698393e-04 
3.500000e+01 -6.122746e-04 
3.600000e+01 -6.912308e-04 
3.700000e+01 -3.737031e-04 
3.800000e+01 -4.024593e-04 
3.900000e+01 -1.034065e-03 
4.000000e+01 -3.592158e-04 
4.100000e+01 -3.683756e-04 
4.200000e+01 -6.409225e-04 
4.300000e+01 -4.611243e-04 
4.400000e+01 3.455539e-05 
4.500000e+01 -1.299773e-03 
4.600000e+01 -5.424412e-04 
4.700000e+01 -1.114277e-03 
4.800000e+01 -1.240127e-04 
4.900000e+01 -6.036208e-04 
5.000000e+01 -8.918470e-04 
5.100000e+01 -1.759306e-03 
5.200000e+01 -1.630922e-03 
5.300000e+01 -3.526081e-04 
5.400000e+01 -2.432324e-04 
5.500000e+01 -3.135324e-04 
5.600000e+01 -4.914056e-04 
5.700000e+01 -5.649352e-04 
5.800000e+01 -5.012939e-04 
5.900000e+01 -5.823504e-04 
6.000000e+01 -7.506459e-04 
6.100000e+01 -5.823210e-04 
6.200000e+01 -6.287753e-04 
6.300000e+01 -1.022807e-03 
6.400000e+01 -9.700314e-04 
6.500000e+01 -4.716432e-04 
6.600000e+01 -3.207304e-04 
6.700000e+01 -6.003853e-04 
6.800000e+01 -2.053158e-04 
6.900000e+01 -7.754513e-04 
7.000000e+01 -5.462653e-05 
7.100000e+01 -2.366907e-04 
7.200000e+01 -1.849033e-04 
7.300000e+01 -1.441616e-04 
7.400000e+01 -1.516449e-04 
7.500000e+01 -5.348185e-04 
7.600000e+01 -5.662180e-04 
7.700000e+01 -2.118069e-04 
7.800000e+01 5.225677e-05 
7.900000e+01 -1.388470e-04 
8.000000e+01 -1.913030e-04 
8.100000e+01 -4.110830e-04 
8.200000e+01 -1.940894e-04 
8.300000e+01 -2.636985e-04 
8.400000e+01 9.923831e-06 
8.500000e+01 -6.880841e-06 
8.600000e+01 -2.751843e-04 
8.700000e+01 3.545206e-06 
8.800000e+01 -8.936986e-04 
8.900000e+01 -3.131314e-04 
9.000000e+01 -3.619987e-04 
9.100000e+01 -3.587688e-04 
9.200000e+01 -4.655751e-04 
9.300000e+01 -2.481595e-04 
9.400000e+01 -5.912014e-05 
9.500000e+01 -1.032074e-04 
9.600000e+01 -7.268322e-04 
9.700000e+01 -5.555357e-04 
9.800000e+01 -4.410674e-05 
9.900000e+01 -7.200183e-05 
1.000000e+02 -4.786306e-04 
1.010000e+02 -1.482536e-03 
1.020000e+02 2.840656e-04 
1.030000e+02 -7.625757e-04 
1.040000e+02 -4.630199e-04 
1.050000e+02 -3.343095e-04 
1.060000e+02 -2.269909e-04 
1.070000e+02 1.549637e-04 
1.080000e+02 -5.025109e-04 
1.090000e+02 -3.274260e-04 
1.100000e+02 -9.406790e-05 
1.110000e+02 -6.680050e-04 
1.120000e+02 -1.097148e-04 
1.130000e+02 -1.810375e-03 
1.140000e+02 6.687428e-05 
1.150000e+02 9.613850e-05 
1.160000e+02 -2.976755e-04 
1.170000e+02 3.739857e-05 
1.180000e+02 -7.411330e-05 
1.190000e+02 1.882083e-05 
1.200000e+02 -3.250401e-04 
1.210000e+02 -4.559938e-04 
1.220000e+02 -1.619302e-04 
1.230000e+02 -4.086863e-04 
1.240000e+02 2.424971e-05 
1.250000e+02 -7.072799e-04 
1.260000e+02 -1.671580e-04 
1.270000e+02 -2.007015e-04 
1.280000e+02 -4.191822e-04 
1.290000e+02 -3.861183e-04 
1.300000e+02 3.590539e-05 
1.310000e+02 -1.202485e-04 
1.320000e+02 -1.069367e-04 
1.330000e+02 -9.142855e-05 
1.340000e+02 8.600523e-05 
1.350000e+02 -3.202614e-04 
1.360000e+02 -8.743958e-04 
1.370000e+02 -1.110657e-04 
1.380000e+02 -7.337085e-04 
1.390000e+02 -6.037365e-05 
1.400000e+02 -8.000990e-05 
1.410000e+02 -2.147121e-05 
1.420000e+02 5.143206e-05 
1.430000e+02 -3.257710e-05 
1.440000e+02 -4.139550e-05 
1.450000e+02 -6.979245e-05 
1.460000e+02 -8.251735e-06 
1.470000e+02 -1.362358e-04 
1.480000e+02 -5.046832e-05 
1.490000e+02 -5.101300e-04 
1.500000e+02 -1.845564e-03 
1.510000e+02 -7.659982e-05 
1.520000e+02 2.896747e-05 
1.530000e+02 -7.223218e-04 
1.540000e+02 -9.766760e-05 
1.550000e+02 -1.947528e-04 
1.560000e+02 -1.956494e-04 
1.570000e+02 -2.292835e-04 
1.580000e+02 -3.960233e-04 
1.590000e+02 -2.578646e-04 
1.600000e+02 -2.341991e-04 
1.610000e+02 -1.868172e-04 
1.620000e+02 -8.038060e-05 
1.630000e+02 -5.752191e-04 
1.640000e+02 -1.989026e-04 
1.650000e+02 -8.720216e-05 
1.660000e+02 -1.075400e-05 
1.670000e+02 -1.017964e-04 
1.680000e+02 1.252327e-05 
1.690000e+02 -1.398219e-04 
1.700000e+02 8.941492e-06 
1.710000e+02 -1.897933e-04 
1.720000e+02 -1.101580e-05 
1.730000e+02 -5.930874e-05 
1.740000e+02 1.456011e-04 
1.750000e+02 -5.457547e-04 
1.760000e+02 2.403589e-06 
1.770000e+02 1.591755e-05 
1.780000e+02 1.577836e-06 
1.790000e+02 -1.101025e-05 
1.800000e+02 -4.048818e-05 
1.810000e+02 -1.400277e-04 
1.820000e+02 -1.733463e-04 
1.830000e+02 -2.904077e-04 
1.840000e+02 -8.679292e-05 
1.850000e+02 -1.589511e-04 
1.860000e+02 -9.622708e-07 
1.870000e+02 -7.712815e-04 
1.880000e+02 -3.088025e-04 
1.890000e+02 -3.306380e-04 
1.900000e+02 -3.603122e-04 
1.910000e+02 -3.601042e-05 
1.920000e+02 -1.249565e-04 
1.930000e+02 -1.094705e-04 
1.940000e+02 -3.292005e-05 
1.950000e+02 -2.904660e-04 
1.960000e+02 -5.614736e-05 
1.970000e+02 -6.830170e-05 
1.980000e+02 8.115207e-05 
1.990000e+02 9.128035e-06 
2.000000e+02 6.596949e-05 
2.010000e+02 -1.625733e-04 
2.020000e+02 1.294047e-04 
2.030000e+02 -1.325281e-04 
2.040000e+02 -1.495836e-04 
2.050000e+02 -8.629127e-05 
2.060000e+02 -1.406813e-04 
2.070000e+02 -5.988172e-05 
2.080000e+02 -1.402738e-04 
2.090000e+02 -3.916307e-05 
2.100000e+02 -7.319922e-04 
2.110000e+02 -1.633333e-04 
2.120000e+02 -2.781991e-04 
2.130000e+02 -1.333234e-04 
2.140000e+02 -2.090262e-04 
2.150000e+02 -7.582033e-07 
2.160000e+02 -1.865541e-04 
2.170000e+02 -1.733060e-04 
2.180000e+02 -6.214697e-04 
2.190000e+02 -3.179974e-04 
2.200000e+02 -3.784132e-04 
2.210000e+02 -2.484654e-04 
2.220000e+02 1.022183e-04 
2.230000e+02 -7.892200e-05 
2.240000e+02 -3.219846e-04 
2.250000e+02 -9.965860e-05 
2.260000e+02 -3.093339e-04 
2.270000e+02 -3.154149e-05 
2.280000e+02 -4.044305e-04 
2.290000e+02 -2.231869e-05 
2.300000e+02 -2.200180e-04 
2.310000e+02 1.213425e-04 
2.320000e+02 -6.909117e-04 
2.330000e+02 -2.864158e-04 
2.340000e+02 -9.368568e-05 
2.350000e+02 -6.082495e-05 
2.360000e+02 7.252590e-05 
2.370000e+02 -1.583013e-04 
2.380000e+02 -2.638340e-05 
2.390000e+02 2.186006e-05 
2.400000e+02 -5.874203e-04 
2.410000e+02 -9.717415e-05 
2.420000e+02 -9.816168e-05 
2.430000e+02 -3.095871e-04 
2.440000e+02 -9.498450e-05 
2.450000e+02 -3.045590e-04 
2.460000e+02 -3.450017e-04 
2.470000e+02 -2.842444e-04 
2.480000e+02 -4.283097e-04 
2.490000e+02 -4.374038e-04 
2.500000e+02 -3.279254e-04 
2.510000e+02 -3.358729e-04 
2.520000e+02 -3.858061e-05 
2.530000e+02 -1.564202e-04 
2.540000e+02 -6.043872e-05 
2.550000e+02 -7.884222e-05 
2.560000e+02 4.298805e-05 
2.570000e+02 1.346106e-04 
2.580000e+02 1.535727e-04 
2.590000e+02 -4.850126e-05 
2.600000e+02 1.150957e-04 
2.610000e+02 1.540579e-04 
2.620000e+02 -1.991948e-04 
2.630000e+02 -2.695731e-04 
2.640000e+02 -1.686310e-04 
2.650000e+02 -1.332969e-04 
2.660000e+02 -5.376823e-05 
2.670000e+02 -1.795051e-04 
2.680000e+02 -2.335128e-04 
2.690000e+02 -1.692675e-05 
2.700000e+02 -2.110900e-04 
2.710000e+02 -1.616199e-05 
2.720000e+02 4.755858e-05 
2.730000e+02 2.061595e-04 
2.740000e+02 -9.742345e-05 
2.750000e+02 1.665628e-04 
2.760000e+02 -2.742403e-04 
2.770000e+02 8.073225e-05 
2.780000e+02 2.280155e-04 
2.790000e+02 9.078979e-05 
2.800000e+02 1.132912e-05 
2.810000e+02 6.403266e-05 
2.820000e+02 -6.536657e-05 
2.830000e+02 1.153054e-05 
2.840000e+02 -2.513533e-05 
2.850000e+02 2.412225e-04 
2.860000e+02 7.187600e-05 
2.870000e+02 -1.511082e-04 
2.880000e+02 -1.189903e-04 
2.890000e+02 1.062902e-04 
2.900000e+02 -1.303045e-04 
2.910000e+02 -1.371312e-04 
2.920000e+02 -1.630953e-04 
2.930000e+02 -1.551262e-04 
2.940000e+02 -1.849806e-04 
2.950000e+02 -2.799439e-04 
2.960000e+02 -1.413423e-04 
2.970000e+02 -8.150429e-05 
2.980000e+02 -2.450465e-04 
2.990000e+02 -2.733404e-04 
3.000000e+02 -1.477249e-04 
3.010000e+02 -1.756609e-04 
3.020000e+02 -1.637694e-04 
3.030000e+02 -1.527251e-04 
3.040000e+02 -1.518372e-04 
3.050000e+02 -1.955133e-04 
3.060000e+02 -1.530898e-04 
3.070000e+02 -2.113015e-04 
3.080000e+02 4.848681e-04 
3.090000e+02 -6.591882e-05 
3.100000e+02 -8.466762e-05 
3.110000e+02 -3.138072e-04 
3.120000e+02 -1.491155e-04 
3.130000e+02 2.908765e-04 
3.140000e+02 7.502930e-05 
3.150000e+02 5.761165e-05 
3.160000e+02 -7.477495e-05 
3.170000e+02 2.137662e-04 
3.180000e+02 -1.303908e-04 
3.190000e+02 3.548799e-04 
3.200000e+02 2.966565e-04 
3.210000e+02 1.117470e-05 
3.220000e+02 7.022158e-04 
3.230000e+02 5.699153e-04 
3.240000e+02 2.072830e-04 
3.250000e+02 2.079619e-04 
3.260000e+02 3.962116e-04 
3.270000e+02 1.411818e-04 
3.280000e+02 1.378596e-04 
3.290000e+02 1.769161e-04 
3.300000e+02 3.186310e-04 
3.310000e+02 1.700938e-04 
3.320000e+02 8.917388e-05 
3.330000e+02 5.337446e-04 
3.340000e+02 4.465392e-04 
3.350000e+02 2.878704e-04 
3.360000e+02 4.048321e-04 
3.370000e+02 -3.371140e-05 
3.380000e+02 4.488307e-04 
3.390000e+02 3.125929e-04 
3.400000e+02 1.988722e-04 
3.410000e+02 1.623942e-04 
3.420000e+02 2.806917e-04 
3.430000e+02 9.648782e-05 
3.440000e+02 1.026614e-04 
3.450000e+02 1.740362e-04 
3.460000e+02 3.195623e-04 
3.470000e+02 9.101074e-05 
3.480000e+02 -1.861348e-04 
3.490000e+02 3.119226e-04 
3.500000e+02 6.994428e-04 
3.510000e+02 1.390092e-05 
3.520000e+02 1.402570e-04 
3.530000e+02 6.784713e-04 
3.540000e+02 -3.201127e-04 
3.550000e+02 5.747051e-04 
3.560000e+02 -2.933399e-04 
3.570000e+02 6.961922e-04 
3.580000e+02 5.964787e-04 
3.590000e+02 -3.741040e-04 
3.600000e+02 4.918046e-04 
3.610000e+02 5.901018e-04 
3.620000e+02 8.181859e-05 
3.630000e+02 7.288384e-04 
3.640000e+02 -2.627837e-05 
3.650000e+02 7.721965e-05 
3.660000e+02 4.006397e-04 
3.670000e+02 2.222641e-04 
3.680000e+02 9.175277e-04 
3.690000e+02 4.804969e-04 
3.700000e+02 2.691486e-05 
3.710000e+02 6.505142e-04 
3.720000e+02 1.569664e-05 
3.730000e+02 8.978312e-04 
3.740000e+02 1.222855e-04 
3.750000e+02 2.892006e-04 
3.760000e+02 2.181045e-04 
3.770000e+02 1.516447e-04 
3.780000e+02 7.420117e-04 
3.790000e+02 9.101334e-05 
3.800000e+02 8.088755e-04 
3.810000e+02 1.474901e-04 
3.820000e+02 2.623046e-05 
3.830000e+02 -6.185107e-07 
3.840000e+02 7.819331e-04 
3.850000e+02 4.923304e-05 
3.860000e+02 6.556307e-04 
3.870000e+02 1.705865e-04 
3.880000e+02 5.209717e-04 
3.890000e+02 3.239919e-04 
3.900000e+02 7.139128e-04 
3.910000e+02 1.455403e-04 
3.920000e+02 6.432114e-04 
3.930000e+02 7.082228e-04 
3.940000e+02 2.224353e-04 
3.950000e+02 9.720042e-04 
3.960000e+02 8.367817e-04 
3.970000e+02 2.846728e-04 
3.980000e+02 8.775079e-04 
3.990000e+02 2.791910e-04 
4.000000e+02 1.443343e-03 
4.010000e+02 9.846242e-04 
4.020000e+02 8.865112e-04 
4.030000e+02 1.048589e-03 
4.040000e+02 1.140762e-03 
4.050000e+02 1.458334e-03 
4.060000e+02 1.291379e-03 
4.070000e+02 1.022191e-03 
4.080000e+02 1.216613e-03 
4.090000e+02 1.141092e-03 
4.100000e+02 1.816147e-03 
4.110000e+02 1.254452e-03 
4.120000e+02 1.732073e-03 
4.130000e+02 1.085797e-03 
4.140000e+02 1.575443e-03 
4.150000e+02 1.393667e-03 
4.160000e+02 1.512422e-03 
4.170000e+02 1.686343e-03 
4.180000e+02 1.390761e-03 
4.190000e+02 0.000000e+00 
