0.000000e+00 6.108223e+11 
1.000000e+00 7.797475e+09 
2.000000e+00 9.641856e+09 
3.000000e+00 1.142880e+10 
4.000000e+00 1.155033e+10 
5.000000e+00 1.275571e+10 
6.000000e+00 1.101367e+10 
7.000000e+00 1.362708e+10 
8.000000e+00 1.362566e+10 
9.000000e+00 1.258999e+10 
1.000000e+01 1.248670e+10 
1.100000e+01 1.319357e+10 
1.200000e+01 1.301989e+10 
1.300000e+01 1.378622e+10 
1.400000e+01 1.479593e+10 
1.500000e+01 1.471189e+10 
1.600000e+01 1.502749e+10 
1.700000e+01 1.264056e+10 
1.800000e+01 1.272665e+10 
1.900000e+01 1.575674e+10 
2.000000e+01 1.607165e+10 
2.100000e+01 1.623240e+10 
2.200000e+01 1.517573e+10 
2.300000e+01 1.436019e+10 
2.400000e+01 1.636778e+10 
2.500000e+01 1.710587e+10 
2.600000e+01 1.744598e+10 
2.700000e+01 1.583597e+10 
2.800000e+01 1.607762e+10 
2.900000e+01 1.561535e+10 
3.000000e+01 1.760402e+10 
3.100000e+01 1.604683e+10 
3.200000e+01 1.607850e+10 
3.300000e+01 1.721583e+10 
3.400000e+01 1.667529e+10 
3.500000e+01 1.677755e+10 
3.600000e+01 1.732523e+10 
3.700000e+01 1.931923e+10 
3.800000e+01 1.917816e+10 
3.900000e+01 1.936755e+10 
4.000000e+01 1.819441e+10 
4.100000e+01 1.871728e+10 
4.200000e+01 2.004425e+10 
4.300000e+01 2.114420e+10 
4.400000e+01 1.900414e+10 
4.500000e+01 1.844683e+10 
4.600000e+01 1.900571e+10 
4.700000e+01 1.953117e+10 
4.800000e+01 1.982743e+10 
4.900000e+01 1.945272e+10 
5.000000e+01 1.952796e+10 
5.100000e+01 2.011816e+10 
5.200000e+01 2.030761e+10 
5.300000e+01 2.070914e+10 
5.400000e+01 2.030561e+10 
5.500000e+01 1.930577e+10 
5.600000e+01 2.042605e+10 
5.700000e+01 2.136491e+10 
5.800000e+01 2.125025e+10 
5.900000e+01 2.014685e+10 
6.000000e+01 1.943047e+10 
6.100000e+01 2.130013e+10 
6.200000e+01 2.180331e+10 
6.300000e+01 2.236033e+10 
6.400000e+01 2.149890e+10 
6.500000e+01 2.003128e+10 
6.600000e+01 2.064763e+10 
6.700000e+01 2.071178e+10 
6.800000e+01 2.295832e+10 
6.900000e+01 2.469925e+10 
7.000000e+01 2.121329e+10 
7.100000e+01 2.118078e+10 
7.200000e+01 2.256317e+10 
7.300000e+01 2.295133e+10 
7.400000e+01 2.485779e+10 
7.500000e+01 2.237892e+10 
7.600000e+01 2.262835e+10 
7.700000e+01 2.489480e+10 
7.800000e+01 2.393418e+10 
7.900000e+01 2.483310e+10 
8.000000e+01 2.395367e+10 
8.100000e+01 2.690424e+10 
8.200000e+01 2.529758e+10 
8.300000e+01 2.651480e+10 
8.400000e+01 2.711135e+10 
8.500000e+01 2.661499e+10 
8.600000e+01 2.617704e+10 
8.700000e+01 2.530601e+10 
8.800000e+01 2.591142e+10 
8.900000e+01 2.627568e+10 
9.000000e+01 2.554531e+10 
9.100000e+01 2.363366e+10 
9.200000e+01 2.568716e+10 
9.300000e+01 2.786243e+10 
9.400000e+01 3.061774e+10 
9.500000e+01 2.810394e+10 
9.600000e+01 2.726586e+10 
9.700000e+01 2.925963e+10 
9.800000e+01 2.876099e+10 
9.900000e+01 2.748264e+10 
1.000000e+02 2.732656e+10 
1.010000e+02 2.743357e+10 
1.020000e+02 2.997069e+10 
1.030000e+02 2.948710e+10 
1.040000e+02 2.937418e+10 
1.050000e+02 2.964215e+10 
1.060000e+02 2.803058e+10 
1.070000e+02 3.058188e+10 
1.080000e+02 3.029473e+10 
1.090000e+02 2.959575e+10 
1.100000e+02 2.874584e+10 
1.110000e+02 2.987098e+10 
1.120000e+02 2.760366e+10 
1.130000e+02 2.678873e+10 
1.140000e+02 2.673001e+10 
1.150000e+02 2.912379e+10 
1.160000e+02 3.108190e+10 
1.170000e+02 3.053331e+10 
1.180000e+02 3.094864e+10 
1.190000e+02 3.062345e+10 
1.200000e+02 3.031494e+10 
1.210000e+02 3.077838e+10 
1.220000e+02 3.142018e+10 
1.230000e+02 3.304492e+10 
1.240000e+02 3.318433e+10 
1.250000e+02 3.124132e+10 
1.260000e+02 3.078055e+10 
1.270000e+02 3.252948e+10 
1.280000e+02 2.992114e+10 
1.290000e+02 3.197557e+10 
1.300000e+02 3.408909e+10 
1.310000e+02 3.240953e+10 
1.320000e+02 3.249453e+10 
1.330000e+02 3.121437e+10 
1.340000e+02 3.283623e+10 
1.350000e+02 3.388323e+10 
1.360000e+02 3.457060e+10 
1.370000e+02 3.437037e+10 
1.380000e+02 3.360384e+10 
1.390000e+02 3.539139e+10 
1.400000e+02 3.471838e+10 
1.410000e+02 3.504269e+10 
1.420000e+02 3.489249e+10 
1.430000e+02 3.336396e+10 
1.440000e+02 3.360203e+10 
1.450000e+02 3.493316e+10 
1.460000e+02 3.478676e+10 
1.470000e+02 3.449851e+10 
1.480000e+02 3.355583e+10 
1.490000e+02 3.393470e+10 
1.500000e+02 3.653884e+10 
1.510000e+02 3.519195e+10 
1.520000e+02 3.671183e+10 
1.530000e+02 3.795758e+10 
1.540000e+02 3.503532e+10 
1.550000e+02 3.367594e+10 
1.560000e+02 3.453137e+10 
1.570000e+02 3.813875e+10 
1.580000e+02 3.723014e+10 
1.590000e+02 3.672650e+10 
1.600000e+02 3.656197e+10 
1.610000e+02 3.692035e+10 
1.620000e+02 3.717199e+10 
1.630000e+02 3.723510e+10 
1.640000e+02 3.743671e+10 
1.650000e+02 3.575343e+10 
1.660000e+02 3.546045e+10 
1.670000e+02 3.806652e+10 
1.680000e+02 3.661713e+10 
1.690000e+02 3.770682e+10 
1.700000e+02 4.031524e+10 
1.710000e+02 3.783191e+10 
1.720000e+02 3.874258e+10 
1.730000e+02 4.065460e+10 
1.740000e+02 4.131065e+10 
1.750000e+02 3.697141e+10 
1.760000e+02 3.766052e+10 
1.770000e+02 3.849101e+10 
1.780000e+02 3.830220e+10 
1.790000e+02 3.994569e+10 
1.800000e+02 4.222819e+10 
1.810000e+02 4.170171e+10 
1.820000e+02 4.129555e+10 
1.830000e+02 4.177497e+10 
1.840000e+02 3.940863e+10 
1.850000e+02 4.078909e+10 
1.860000e+02 4.127905e+10 
1.870000e+02 4.034159e+10 
1.880000e+02 3.893439e+10 
1.890000e+02 4.210844e+10 
1.900000e+02 3.974373e+10 
1.910000e+02 4.130033e+10 
1.920000e+02 4.228358e+10 
1.930000e+02 4.683612e+10 
1.940000e+02 4.770563e+10 
1.950000e+02 4.644810e+10 
1.960000e+02 4.484203e+10 
1.970000e+02 4.419379e+10 
1.980000e+02 4.386687e+10 
1.990000e+02 4.339810e+10 
2.000000e+02 4.382792e+10 
2.010000e+02 4.295291e+10 
2.020000e+02 4.412991e+10 
2.030000e+02 4.420737e+10 
2.040000e+02 4.294645e+10 
2.050000e+02 4.464503e+10 
2.060000e+02 4.432937e+10 
2.070000e+02 4.372492e+10 
2.080000e+02 4.276268e+10 
2.090000e+02 4.505509e+10 
2.100000e+02 4.236674e+10 
2.110000e+02 4.489530e+10 
2.120000e+02 4.799382e+10 
2.130000e+02 4.670547e+10 
2.140000e+02 4.526000e+10 
2.150000e+02 4.540006e+10 
2.160000e+02 4.637327e+10 
2.170000e+02 4.567706e+10 
2.180000e+02 4.853859e+10 
2.190000e+02 4.790932e+10 
2.200000e+02 4.671212e+10 
2.210000e+02 4.784130e+10 
2.220000e+02 4.453933e+10 
2.230000e+02 4.402525e+10 
2.240000e+02 4.638653e+10 
2.250000e+02 4.737377e+10 
2.260000e+02 4.766227e+10 
2.270000e+02 4.825315e+10 
2.280000e+02 4.771047e+10 
2.290000e+02 4.605995e+10 
2.300000e+02 4.808743e+10 
2.310000e+02 4.952458e+10 
2.320000e+02 4.851186e+10 
2.330000e+02 4.736564e+10 
2.340000e+02 4.783794e+10 
2.350000e+02 4.835585e+10 
2.360000e+02 5.098041e+10 
2.370000e+02 5.201214e+10 
2.380000e+02 5.183460e+10 
2.390000e+02 5.128685e+10 
2.400000e+02 4.846474e+10 
2.410000e+02 5.009941e+10 
2.420000e+02 4.849664e+10 
2.430000e+02 4.910683e+10 
2.440000e+02 4.964821e+10 
2.450000e+02 4.992011e+10 
2.460000e+02 4.935567e+10 
2.470000e+02 4.728266e+10 
2.480000e+02 4.766634e+10 
2.490000e+02 4.769895e+10 
2.500000e+02 4.661605e+10 
2.510000e+02 4.927485e+10 
2.520000e+02 5.241156e+10 
2.530000e+02 5.538688e+10 
2.540000e+02 5.250430e+10 
2.550000e+02 5.279357e+10 
2.560000e+02 5.231171e+10 
2.570000e+02 5.135171e+10 
2.580000e+02 5.116714e+10 
2.590000e+02 5.038969e+10 
2.600000e+02 5.225696e+10 
2.610000e+02 5.334725e+10 
2.620000e+02 5.407656e+10 
2.630000e+02 5.372069e+10 
2.640000e+02 5.207633e+10 
2.650000e+02 5.275917e+10 
2.660000e+02 5.325107e+10 
2.670000e+02 5.366266e+10 
2.680000e+02 5.265047e+10 
2.690000e+02 5.156499e+10 
2.700000e+02 5.107562e+10 
2.710000e+02 5.236788e+10 
2.720000e+02 5.282964e+10 
2.730000e+02 5.240734e+10 
2.740000e+02 5.516936e+10 
2.750000e+02 5.584256e+10 
2.760000e+02 5.540892e+10 
2.770000e+02 5.594223e+10 
2.780000e+02 5.169455e+10 
2.790000e+02 5.273412e+10 
2.800000e+02 5.514096e+10 
2.810000e+02 5.634839e+10 
2.820000e+02 5.651736e+10 
2.830000e+02 5.608440e+10 
2.840000e+02 5.630932e+10 
2.850000e+02 5.285587e+10 
2.860000e+02 5.489249e+10 
2.870000e+02 5.598610e+10 
2.880000e+02 5.718513e+10 
2.890000e+02 5.585604e+10 
2.900000e+02 5.869013e+10 
2.910000e+02 5.902755e+10 
2.920000e+02 5.863852e+10 
2.930000e+02 6.049849e+10 
2.940000e+02 5.952375e+10 
2.950000e+02 5.938771e+10 
2.960000e+02 5.650234e+10 
2.970000e+02 5.884090e+10 
2.980000e+02 5.824822e+10 
2.990000e+02 5.769299e+10 
3.000000e+02 5.747745e+10 
3.010000e+02 6.183047e+10 
3.020000e+02 6.144106e+10 
3.030000e+02 6.133240e+10 
3.040000e+02 6.121748e+10 
3.050000e+02 6.099857e+10 
3.060000e+02 5.746021e+10 
3.070000e+02 5.768326e+10 
3.080000e+02 6.046807e+10 
3.090000e+02 5.915983e+10 
3.100000e+02 5.654134e+10 
3.110000e+02 5.774293e+10 
3.120000e+02 6.190382e+10 
3.130000e+02 6.060061e+10 
3.140000e+02 6.150459e+10 
3.150000e+02 6.098021e+10 
3.160000e+02 5.950060e+10 
3.170000e+02 5.857839e+10 
3.180000e+02 5.785059e+10 
3.190000e+02 5.799990e+10 
3.200000e+02 6.096054e+10 
3.210000e+02 6.033884e+10 
3.220000e+02 6.167505e+10 
3.230000e+02 6.565230e+10 
3.240000e+02 6.415314e+10 
3.250000e+02 6.422671e+10 
3.260000e+02 6.147845e+10 
3.270000e+02 6.201302e+10 
3.280000e+02 6.316616e+10 
3.290000e+02 6.223156e+10 
3.300000e+02 6.224439e+10 
3.310000e+02 6.404438e+10 
3.320000e+02 6.230031e+10 
3.330000e+02 6.475719e+10 
3.340000e+02 6.227994e+10 
3.350000e+02 6.091432e+10 
3.360000e+02 6.315688e+10 
3.370000e+02 6.142269e+10 
3.380000e+02 6.311635e+10 
3.390000e+02 6.482019e+10 
3.400000e+02 6.430197e+10 
3.410000e+02 6.648022e+10 
3.420000e+02 6.608591e+10 
3.430000e+02 6.422160e+10 
3.440000e+02 6.365804e+10 
3.450000e+02 6.260715e+10 
3.460000e+02 6.536487e+10 
3.470000e+02 6.594779e+10 
3.480000e+02 6.477974e+10 
3.490000e+02 6.553291e+10 
3.500000e+02 6.769613e+10 
3.510000e+02 6.880171e+10 
3.520000e+02 6.965885e+10 
3.530000e+02 6.624884e+10 
3.540000e+02 6.606495e+10 
3.550000e+02 6.669853e+10 
3.560000e+02 6.617679e+10 
3.570000e+02 6.700775e+10 
3.580000e+02 6.419849e+10 
3.590000e+02 6.279741e+10 
3.600000e+02 6.538568e+10 
3.610000e+02 6.516493e+10 
3.620000e+02 6.609080e+10 
3.630000e+02 6.884376e+10 
3.640000e+02 6.298429e+10 
3.650000e+02 6.553950e+10 
3.660000e+02 6.731013e+10 
3.670000e+02 6.765118e+10 
3.680000e+02 6.723964e+10 
3.690000e+02 6.808122e+10 
3.700000e+02 6.999016e+10 
3.710000e+02 6.789356e+10 
3.720000e+02 6.729088e+10 
3.730000e+02 6.964168e+10 
3.740000e+02 6.875622e+10 
3.750000e+02 6.737548e+10 
3.760000e+02 7.034276e+10 
3.770000e+02 7.257262e+10 
3.780000e+02 7.329281e+10 
3.790000e+02 7.228939e+10 
3.800000e+02 7.097318e+10 
3.810000e+02 6.859884e+10 
3.820000e+02 6.611442e+10 
3.830000e+02 6.917497e+10 
3.840000e+02 6.707194e+10 
3.850000e+02 6.746061e+10 
3.860000e+02 7.322873e+10 
3.870000e+02 7.483952e+10 
3.880000e+02 7.387340e+10 
3.890000e+02 7.519643e+10 
3.900000e+02 7.254965e+10 
3.910000e+02 6.897658e+10 
3.920000e+02 7.084025e+10 
3.930000e+02 7.320193e+10 
3.940000e+02 7.243056e+10 
3.950000e+02 7.006171e+10 
3.960000e+02 7.047917e+10 
3.970000e+02 7.370004e+10 
3.980000e+02 7.208909e+10 
3.990000e+02 7.251878e+10 
4.000000e+02 7.169784e+10 
4.010000e+02 6.749075e+10 
4.020000e+02 6.743116e+10 
4.030000e+02 7.132313e+10 
4.040000e+02 7.644371e+10 
4.050000e+02 7.566777e+10 
4.060000e+02 7.444876e+10 
4.070000e+02 7.582856e+10 
4.080000e+02 7.071354e+10 
4.090000e+02 6.957919e+10 
4.100000e+02 7.121433e+10 
4.110000e+02 7.440406e+10 
4.120000e+02 7.070297e+10 
4.130000e+02 7.113445e+10 
4.140000e+02 6.952616e+10 
4.150000e+02 6.776910e+10 
4.160000e+02 6.900794e+10 
4.170000e+02 7.230559e+10 
4.180000e+02 7.327499e+10 
4.190000e+02 7.272528e+10 
4.200000e+02 7.280981e+10 
4.210000e+02 7.795655e+10 
4.220000e+02 7.348831e+10 
4.230000e+02 7.290504e+10 
4.240000e+02 7.508982e+10 
4.250000e+02 7.673487e+10 
4.260000e+02 7.537965e+10 
4.270000e+02 7.772445e+10 
4.280000e+02 7.641400e+10 
4.290000e+02 7.531048e+10 
4.300000e+02 7.544581e+10 
4.310000e+02 7.777429e+10 
4.320000e+02 7.986908e+10 
4.330000e+02 8.166285e+10 
4.340000e+02 8.144047e+10 
4.350000e+02 7.862474e+10 
4.360000e+02 7.922871e+10 
4.370000e+02 7.852747e+10 
4.380000e+02 7.699411e+10 
4.390000e+02 7.599370e+10 
4.400000e+02 7.388741e+10 
4.410000e+02 7.470913e+10 
4.420000e+02 7.338280e+10 
4.430000e+02 7.676676e+10 
4.440000e+02 7.831216e+10 
4.450000e+02 7.881978e+10 
4.460000e+02 8.096877e+10 
4.470000e+02 7.666540e+10 
4.480000e+02 7.723425e+10 
4.490000e+02 7.542564e+10 
4.500000e+02 7.450258e+10 
4.510000e+02 8.021888e+10 
4.520000e+02 7.894203e+10 
4.530000e+02 7.758245e+10 
4.540000e+02 7.515108e+10 
4.550000e+02 7.363326e+10 
4.560000e+02 7.895809e+10 
4.570000e+02 8.236850e+10 
4.580000e+02 8.091248e+10 
4.590000e+02 7.815741e+10 
4.600000e+02 7.920628e+10 
4.610000e+02 8.088772e+10 
4.620000e+02 7.777390e+10 
4.630000e+02 7.743239e+10 
4.640000e+02 8.445739e+10 
4.650000e+02 8.170426e+10 
4.660000e+02 8.130143e+10 
4.670000e+02 7.929628e+10 
4.680000e+02 7.935041e+10 
4.690000e+02 8.040734e+10 
4.700000e+02 7.987893e+10 
4.710000e+02 7.911857e+10 
4.720000e+02 8.215216e+10 
4.730000e+02 8.215579e+10 
4.740000e+02 8.132186e+10 
4.750000e+02 7.827253e+10 
4.760000e+02 7.794084e+10 
4.770000e+02 8.069756e+10 
4.780000e+02 7.925014e+10 
4.790000e+02 7.944758e+10 
4.800000e+02 8.001808e+10 
4.810000e+02 7.834508e+10 
4.820000e+02 8.064102e+10 
4.830000e+02 8.320282e+10 
4.840000e+02 7.983346e+10 
4.850000e+02 7.935246e+10 
4.860000e+02 7.722992e+10 
4.870000e+02 8.000340e+10 
4.880000e+02 8.026491e+10 
4.890000e+02 8.239002e+10 
4.900000e+02 7.909116e+10 
4.910000e+02 7.839430e+10 
4.920000e+02 8.065927e+10 
4.930000e+02 8.490785e+10 
4.940000e+02 8.136420e+10 
4.950000e+02 7.995433e+10 
4.960000e+02 7.753576e+10 
4.970000e+02 7.738040e+10 
4.980000e+02 8.142872e+10 
4.990000e+02 8.059811e+10 
5.000000e+02 8.198595e+10 
5.010000e+02 8.121059e+10 
5.020000e+02 8.230453e+10 
5.030000e+02 8.209771e+10 
5.040000e+02 8.360615e+10 
5.050000e+02 8.516478e+10 
5.060000e+02 8.487700e+10 
5.070000e+02 8.381671e+10 
5.080000e+02 8.415979e+10 
5.090000e+02 8.343575e+10 
5.100000e+02 8.481618e+10 
5.110000e+02 8.497537e+10 
5.120000e+02 8.279185e+10 
5.130000e+02 8.607951e+10 
5.140000e+02 8.374753e+10 
5.150000e+02 8.371092e+10 
5.160000e+02 8.269007e+10 
5.170000e+02 8.109022e+10 
5.180000e+02 8.206205e+10 
5.190000e+02 8.214652e+10 
5.200000e+02 8.264166e+10 
5.210000e+02 8.089814e+10 
5.220000e+02 7.990413e+10 
5.230000e+02 8.329053e+10 
5.240000e+02 8.554897e+10 
5.250000e+02 8.118706e+10 
5.260000e+02 7.953222e+10 
5.270000e+02 8.163351e+10 
5.280000e+02 8.400008e+10 
5.290000e+02 8.501414e+10 
5.300000e+02 8.072557e+10 
5.310000e+02 8.265168e+10 
5.320000e+02 8.437152e+10 
5.330000e+02 8.260627e+10 
5.340000e+02 8.219349e+10 
5.350000e+02 8.248884e+10 
5.360000e+02 8.267323e+10 
5.370000e+02 8.371795e+10 
5.380000e+02 8.390908e+10 
5.390000e+02 8.438005e+10 
5.400000e+02 8.213021e+10 
5.410000e+02 8.455751e+10 
5.420000e+02 8.403975e+10 
5.430000e+02 8.539720e+10 
5.440000e+02 8.782398e+10 
5.450000e+02 8.446216e+10 
5.460000e+02 8.358121e+10 
5.470000e+02 8.402390e+10 
5.480000e+02 8.465827e+10 
5.490000e+02 8.467829e+10 
5.500000e+02 8.520250e+10 
5.510000e+02 8.478567e+10 
5.520000e+02 8.332794e+10 
5.530000e+02 8.459928e+10 
5.540000e+02 8.304670e+10 
5.550000e+02 8.326425e+10 
5.560000e+02 8.616556e+10 
5.570000e+02 8.585163e+10 
5.580000e+02 8.649484e+10 
5.590000e+02 8.940843e+10 
5.600000e+02 8.674498e+10 
5.610000e+02 8.288956e+10 
5.620000e+02 8.210588e+10 
5.630000e+02 8.205517e+10 
5.640000e+02 8.213333e+10 
5.650000e+02 8.416270e+10 
5.660000e+02 7.934084e+10 
5.670000e+02 8.076974e+10 
5.680000e+02 8.416475e+10 
5.690000e+02 8.449897e+10 
5.700000e+02 8.430825e+10 
5.710000e+02 8.440672e+10 
5.720000e+02 8.399217e+10 
5.730000e+02 8.378529e+10 
5.740000e+02 8.313127e+10 
5.750000e+02 8.459393e+10 
5.760000e+02 8.259028e+10 
5.770000e+02 8.468173e+10 
5.780000e+02 8.553111e+10 
5.790000e+02 8.786075e+10 
5.800000e+02 8.603291e+10 
5.810000e+02 8.343179e+10 
5.820000e+02 8.390103e+10 
5.830000e+02 8.646427e+10 
5.840000e+02 8.323160e+10 
5.850000e+02 8.617565e+10 
5.860000e+02 8.395904e+10 
5.870000e+02 8.304265e+10 
5.880000e+02 8.692657e+10 
5.890000e+02 8.735627e+10 
5.900000e+02 8.342646e+10 
5.910000e+02 8.564740e+10 
5.920000e+02 8.751367e+10 
5.930000e+02 8.460683e+10 
5.940000e+02 8.460792e+10 
5.950000e+02 8.263140e+10 
5.960000e+02 8.442470e+10 
5.970000e+02 8.281431e+10 
5.980000e+02 8.017598e+10 
5.990000e+02 7.989209e+10 
6.000000e+02 7.939865e+10 
6.010000e+02 8.350414e+10 
6.020000e+02 8.361403e+10 
6.030000e+02 8.323811e+10 
6.040000e+02 8.362086e+10 
6.050000e+02 8.509065e+10 
6.060000e+02 8.281872e+10 
6.070000e+02 8.390441e+10 
6.080000e+02 8.508821e+10 
6.090000e+02 8.253346e+10 
6.100000e+02 8.365572e+10 
6.110000e+02 8.224103e+10 
6.120000e+02 8.303664e+10 
6.130000e+02 8.501062e+10 
6.140000e+02 8.717375e+10 
6.150000e+02 8.823288e+10 
6.160000e+02 8.678817e+10 
6.170000e+02 8.325804e+10 
6.180000e+02 8.456973e+10 
6.190000e+02 8.325684e+10 
6.200000e+02 8.481873e+10 
6.210000e+02 8.366010e+10 
6.220000e+02 7.916945e+10 
6.230000e+02 8.028233e+10 
6.240000e+02 8.282856e+10 
6.250000e+02 8.047172e+10 
6.260000e+02 7.892483e+10 
6.270000e+02 8.200089e+10 
6.280000e+02 8.235540e+10 
6.290000e+02 8.032546e+10 
6.300000e+02 7.879093e+10 
6.310000e+02 8.008804e+10 
6.320000e+02 8.005945e+10 
6.330000e+02 7.908919e+10 
6.340000e+02 8.254075e+10 
6.350000e+02 8.114839e+10 
6.360000e+02 8.127935e+10 
6.370000e+02 8.477546e+10 
6.380000e+02 8.371197e+10 
6.390000e+02 8.178034e+10 
6.400000e+02 7.961147e+10 
6.410000e+02 7.667523e+10 
6.420000e+02 7.931003e+10 
6.430000e+02 8.178757e+10 
6.440000e+02 8.306356e+10 
6.450000e+02 7.941378e+10 
6.460000e+02 7.851556e+10 
6.470000e+02 7.680823e+10 
6.480000e+02 7.492729e+10 
6.490000e+02 7.749375e+10 
6.500000e+02 7.969016e+10 
6.510000e+02 7.980819e+10 
6.520000e+02 7.888453e+10 
6.530000e+02 7.688915e+10 
6.540000e+02 8.014053e+10 
6.550000e+02 7.961465e+10 
6.560000e+02 8.142873e+10 
6.570000e+02 7.676688e+10 
6.580000e+02 7.705048e+10 
6.590000e+02 7.879358e+10 
6.600000e+02 7.760244e+10 
6.610000e+02 7.622061e+10 
6.620000e+02 7.553337e+10 
6.630000e+02 7.649433e+10 
6.640000e+02 7.964256e+10 
6.650000e+02 7.685840e+10 
6.660000e+02 7.805945e+10 
6.670000e+02 7.711293e+10 
6.680000e+02 7.797615e+10 
6.690000e+02 7.554565e+10 
6.700000e+02 7.712558e+10 
6.710000e+02 7.517107e+10 
6.720000e+02 7.507178e+10 
6.730000e+02 7.417066e+10 
6.740000e+02 7.604093e+10 
6.750000e+02 7.296654e+10 
6.760000e+02 7.209150e+10 
6.770000e+02 7.647654e+10 
6.780000e+02 7.714755e+10 
6.790000e+02 7.637657e+10 
6.800000e+02 7.654759e+10 
6.810000e+02 7.664513e+10 
6.820000e+02 7.749849e+10 
6.830000e+02 7.727897e+10 
6.840000e+02 7.646812e+10 
6.850000e+02 7.507973e+10 
6.860000e+02 7.367266e+10 
6.870000e+02 7.339804e+10 
6.880000e+02 7.679165e+10 
6.890000e+02 7.428735e+10 
6.900000e+02 7.534863e+10 
6.910000e+02 7.369329e+10 
6.920000e+02 7.274679e+10 
6.930000e+02 7.529385e+10 
6.940000e+02 7.392309e+10 
6.950000e+02 7.114449e+10 
6.960000e+02 6.617204e+10 
6.970000e+02 6.666477e+10 
6.980000e+02 7.019654e+10 
6.990000e+02 6.865233e+10 
7.000000e+02 6.825926e+10 
7.010000e+02 7.071050e+10 
7.020000e+02 7.203681e+10 
7.030000e+02 7.374294e+10 
7.040000e+02 7.360416e+10 
7.050000e+02 6.884366e+10 
7.060000e+02 6.517068e+10 
7.070000e+02 6.638238e+10 
7.080000e+02 6.822227e+10 
7.090000e+02 6.724834e+10 
7.100000e+02 6.734911e+10 
7.110000e+02 6.674081e+10 
7.120000e+02 6.767552e+10 
7.130000e+02 6.794149e+10 
7.140000e+02 6.813003e+10 
7.150000e+02 6.398980e+10 
7.160000e+02 6.407777e+10 
7.170000e+02 6.319283e+10 
7.180000e+02 6.552940e+10 
7.190000e+02 6.622490e+10 
7.200000e+02 6.886720e+10 
7.210000e+02 6.784361e+10 
7.220000e+02 6.624856e+10 
7.230000e+02 6.508227e+10 
7.240000e+02 6.558279e+10 
7.250000e+02 6.378100e+10 
7.260000e+02 6.316058e+10 
7.270000e+02 6.306296e+10 
7.280000e+02 6.238715e+10 
7.290000e+02 6.373185e+10 
7.300000e+02 6.094821e+10 
7.310000e+02 6.095488e+10 
7.320000e+02 5.890917e+10 
7.330000e+02 6.289798e+10 
7.340000e+02 6.528435e+10 
7.350000e+02 6.311256e+10 
7.360000e+02 5.869781e+10 
7.370000e+02 6.052367e+10 
7.380000e+02 6.091652e+10 
7.390000e+02 6.396956e+10 
7.400000e+02 5.721944e+10 
7.410000e+02 5.647404e+10 
7.420000e+02 5.784702e+10 
7.430000e+02 6.073911e+10 
7.440000e+02 6.152376e+10 
7.450000e+02 5.832682e+10 
7.460000e+02 5.776122e+10 
7.470000e+02 5.761732e+10 
7.480000e+02 5.526943e+10 
7.490000e+02 5.582247e+10 
7.500000e+02 5.347052e+10 
7.510000e+02 5.442154e+10 
7.520000e+02 5.621767e+10 
7.530000e+02 5.668187e+10 
7.540000e+02 5.826579e+10 
7.550000e+02 5.388779e+10 
7.560000e+02 5.548994e+10 
7.570000e+02 5.312911e+10 
7.580000e+02 5.170229e+10 
7.590000e+02 5.179434e+10 
7.600000e+02 5.157544e+10 
7.610000e+02 5.159817e+10 
7.620000e+02 4.816002e+10 
7.630000e+02 4.934764e+10 
7.640000e+02 5.019144e+10 
7.650000e+02 5.126517e+10 
7.660000e+02 4.918869e+10 
7.670000e+02 4.719502e+10 
7.680000e+02 4.774452e+10 
7.690000e+02 4.610240e+10 
7.700000e+02 4.581121e+10 
7.710000e+02 4.779620e+10 
7.720000e+02 4.592146e+10 
7.730000e+02 4.429188e+10 
7.740000e+02 4.441306e+10 
7.750000e+02 4.367510e+10 
7.760000e+02 4.300661e+10 
7.770000e+02 4.299082e+10 
7.780000e+02 4.403531e+10 
7.790000e+02 3.975900e+10 
7.800000e+02 3.903009e+10 
7.810000e+02 4.082971e+10 
7.820000e+02 4.036654e+10 
7.830000e+02 3.728071e+10 
7.840000e+02 3.662520e+10 
7.850000e+02 3.691507e+10 
7.860000e+02 3.637838e+10 
7.870000e+02 3.494849e+10 
7.880000e+02 3.431145e+10 
7.890000e+02 3.470842e+10 
7.900000e+02 3.640709e+10 
7.910000e+02 3.473919e+10 
7.920000e+02 3.365495e+10 
7.930000e+02 3.206713e+10 
7.940000e+02 3.058361e+10 
7.950000e+02 3.185592e+10 
7.960000e+02 3.048038e+10 
7.970000e+02 2.748950e+10 
7.980000e+02 2.208132e+10 
7.990000e+02 1.786602e+12 
