0.000000e+00 -2.279896e-04 0.000000e+00 -4.022293e+03
1.000000e+00 -2.656330e-04 2.900389e-01 -4.018111e+03
2.000000e+00 -3.378074e-04 5.798122e-01 -4.013929e+03
3.000000e+00 -3.644483e-04 8.692477e-01 -4.009063e+03
4.000000e+00 -3.862307e-04 1.158319e+00 -4.003860e+03
5.000000e+00 -3.628012e-04 1.447004e+00 -3.998670e+03
6.000000e+00 -3.341196e-04 1.735326e+00 -3.993840e+03
7.000000e+00 -3.543549e-04 2.023313e+00 -3.989069e+03
8.000000e+00 -5.053577e-04 2.310947e+00 -3.983111e+03
9.000000e+00 -4.409909e-04 2.598075e+00 -3.976553e+03
1.000000e+01 -5.385713e-04 2.884762e+00 -3.969764e+03
1.100000e+01 -6.990043e-04 3.170911e+00 -3.961188e+03
1.200000e+01 -9.673139e-04 3.456360e+00 -3.949640e+03
1.300000e+01 -8.934238e-04 3.740843e+00 -3.936745e+03
1.400000e+01 -6.666911e-04 4.024432e+00 -3.925934e+03
1.500000e+01 -8.249734e-04 4.307354e+00 -3.915596e+03
1.600000e+01 -1.154753e-03 4.589451e+00 -3.901877e+03
1.700000e+01 -1.300137e-03 4.870393e+00 -3.884864e+03
1.800000e+01 -1.076760e-03 5.150036e+00 -3.868392e+03
1.900000e+01 -1.311981e-03 5.428601e+00 -3.851838e+03
2.000000e+01 -1.055320e-03 5.705855e+00 -3.835433e+03
2.100000e+01 -1.492656e-03 5.982053e+00 -3.817775e+03
2.200000e+01 -1.441297e-03 6.256759e+00 -3.797443e+03
2.300000e+01 -1.736816e-03 6.530023e+00 -3.775419e+03
2.400000e+01 -9.591983e-04 6.801550e+00 -3.756735e+03
2.500000e+01 -5.090570e-04 7.072119e+00 -3.746560e+03
2.600000e+01 -5.922739e-04 7.342178e+00 -3.738928e+03
2.700000e+01 -1.016203e-03 7.611645e+00 -3.727781e+03
2.800000e+01 -4.316801e-04 7.880096e+00 -3.717747e+03
2.900000e+01 -2.816470e-04 8.148115e+00 -3.712804e+03
3.000000e+01 -3.174298e-04 8.415852e+00 -3.708652e+03
3.100000e+01 -2.778547e-04 8.683272e+00 -3.704527e+03
3.200000e+01 -2.746880e-04 8.950414e+00 -3.700698e+03
3.300000e+01 -2.892174e-04 9.217282e+00 -3.696790e+03
3.400000e+01 -3.031697e-04 9.483860e+00 -3.692685e+03
3.500000e+01 -2.783876e-04 9.750135e+00 -3.688655e+03
3.600000e+01 -2.578488e-04 1.001613e+01 -3.684938e+03
3.700000e+01 -2.550711e-04 1.028187e+01 -3.681384e+03
3.800000e+01 -2.400563e-04 1.054735e+01 -3.677953e+03
3.900000e+01 -2.533309e-04 1.081260e+01 -3.674533e+03
4.000000e+01 -2.815941e-04 1.107759e+01 -3.670826e+03
4.100000e+01 -2.866911e-04 1.134230e+01 -3.666888e+03
4.200000e+01 -3.182946e-04 1.160672e+01 -3.662696e+03
4.300000e+01 -4.300028e-04 1.187082e+01 -3.657510e+03
4.400000e+01 -9.203206e-04 1.213450e+01 -3.648152e+03
4.500000e+01 -1.099918e-03 1.239725e+01 -3.634152e+03
4.600000e+01 -6.132499e-04 1.265890e+01 -3.622280e+03
4.700000e+01 -3.528849e-04 1.291994e+01 -3.615584e+03
4.800000e+01 -3.586985e-04 1.318063e+01 -3.610653e+03
4.900000e+01 -3.480625e-04 1.344096e+01 -3.605755e+03
5.000000e+01 -3.644506e-04 1.370094e+01 -3.600817e+03
5.100000e+01 -3.534202e-04 1.396056e+01 -3.595842e+03
5.200000e+01 -3.755112e-04 1.421982e+01 -3.590791e+03
5.300000e+01 -4.493893e-04 1.447871e+01 -3.585074e+03
5.400000e+01 -4.287871e-04 1.473714e+01 -3.578989e+03
5.500000e+01 -3.995827e-04 1.499515e+01 -3.573248e+03
5.600000e+01 -4.674164e-04 1.525276e+01 -3.567240e+03
5.700000e+01 -5.164940e-04 1.550991e+01 -3.560421e+03
5.800000e+01 -6.031888e-04 1.576653e+01 -3.552662e+03
5.900000e+01 -7.871222e-04 1.602255e+01 -3.543027e+03
6.000000e+01 -5.871409e-04 1.627779e+01 -3.533503e+03
6.100000e+01 -7.044768e-04 1.653244e+01 -3.524552e+03
6.200000e+01 -5.174086e-04 1.678638e+01 -3.516084e+03
6.300000e+01 -5.023448e-04 1.703981e+01 -3.509018e+03
6.400000e+01 -5.187556e-04 1.729273e+01 -3.501941e+03
6.500000e+01 -7.199650e-04 1.754514e+01 -3.493357e+03
6.600000e+01 -7.986151e-04 1.779682e+01 -3.482833e+03
6.700000e+01 -4.668181e-04 1.804771e+01 -3.474064e+03
6.800000e+01 -5.779501e-04 1.829813e+01 -3.466823e+03
6.900000e+01 -5.118569e-04 1.854797e+01 -3.459271e+03
7.000000e+01 -4.944794e-04 1.879730e+01 -3.452297e+03
7.100000e+01 -1.028073e-03 1.904613e+01 -3.441746e+03
7.200000e+01 -7.767519e-04 1.929394e+01 -3.429238e+03
7.300000e+01 -5.736051e-04 1.954097e+01 -3.419880e+03
7.400000e+01 -7.752917e-04 1.978743e+01 -3.410532e+03
7.500000e+01 -1.019399e-03 2.003311e+01 -3.398095e+03
7.600000e+01 -6.874370e-04 2.027777e+01 -3.386267e+03
7.700000e+01 -5.505005e-04 2.052175e+01 -3.377688e+03
7.800000e+01 -6.558519e-04 2.076517e+01 -3.369328e+03
7.900000e+01 -5.353029e-04 2.100794e+01 -3.361073e+03
8.000000e+01 -5.460128e-04 2.125017e+01 -3.353580e+03
8.100000e+01 -5.432496e-04 2.149186e+01 -3.346031e+03
8.200000e+01 -1.419739e-03 2.173301e+01 -3.332427e+03
8.300000e+01 -9.071333e-04 2.197273e+01 -3.316302e+03
8.400000e+01 -8.073307e-04 2.221155e+01 -3.304421e+03
8.500000e+01 -8.641291e-04 2.244956e+01 -3.292838e+03
8.600000e+01 -1.082858e-03 2.268670e+01 -3.279345e+03
8.700000e+01 -1.815527e-03 2.292277e+01 -3.259259e+03
8.800000e+01 -9.668246e-04 2.315701e+01 -3.239977e+03
8.900000e+01 -9.483898e-04 2.339029e+01 -3.226705e+03
9.000000e+01 -1.327662e-03 2.362263e+01 -3.210932e+03
9.100000e+01 -1.242058e-03 2.385363e+01 -3.193123e+03
9.200000e+01 -1.008302e-03 2.408339e+01 -3.177528e+03
9.300000e+01 -6.550137e-04 2.431215e+01 -3.166002e+03
9.400000e+01 -6.395081e-04 2.454025e+01 -3.157031e+03
9.500000e+01 -7.663972e-04 2.476770e+01 -3.147288e+03
9.600000e+01 -7.826431e-04 2.499440e+01 -3.136553e+03
9.700000e+01 -3.796595e-04 2.522031e+01 -3.128498e+03
9.800000e+01 -4.050129e-04 2.544584e+01 -3.123060e+03
9.900000e+01 -4.501895e-04 2.567097e+01 -3.117134e+03
1.000000e+02 -4.728454e-04 2.589564e+01 -3.110737e+03
1.010000e+02 -4.175606e-04 2.611984e+01 -3.104566e+03
1.020000e+02 -4.344678e-04 2.634363e+01 -3.098662e+03
1.030000e+02 -4.093354e-04 2.656698e+01 -3.092814e+03
1.040000e+02 -4.362999e-04 2.678992e+01 -3.086954e+03
1.050000e+02 -5.999650e-04 2.701243e+01 -3.079773e+03
1.060000e+02 -6.911640e-04 2.723433e+01 -3.070825e+03
1.070000e+02 -8.930828e-04 2.745555e+01 -3.059846e+03
1.080000e+02 -8.944632e-04 2.767587e+01 -3.047459e+03
1.090000e+02 -8.201803e-04 2.789529e+01 -3.035576e+03
1.100000e+02 -7.771462e-04 2.811390e+01 -3.024506e+03
1.110000e+02 -6.012340e-04 2.833173e+01 -3.014954e+03
1.120000e+02 -6.479708e-04 2.854896e+01 -3.006297e+03
1.130000e+02 -6.856130e-04 2.876554e+01 -2.997055e+03
1.140000e+02 -6.782259e-04 2.898143e+01 -2.987604e+03
1.150000e+02 -6.194534e-04 2.919665e+01 -2.978611e+03
1.160000e+02 -6.571637e-04 2.941124e+01 -2.969764e+03
1.170000e+02 -8.150506e-04 2.962518e+01 -2.959562e+03
1.180000e+02 -6.106359e-04 2.983831e+01 -2.949682e+03
1.190000e+02 -5.738279e-04 3.005082e+01 -2.941473e+03
1.200000e+02 -7.840523e-04 3.026276e+01 -2.932063e+03
1.210000e+02 -6.817168e-04 3.047392e+01 -2.921905e+03
1.220000e+02 -8.728233e-04 3.068439e+01 -2.911132e+03
1.230000e+02 -8.442118e-04 3.089399e+01 -2.899233e+03
1.240000e+02 -8.375615e-04 3.110275e+01 -2.887578e+03
1.250000e+02 -1.164121e-03 3.131067e+01 -2.873707e+03
1.260000e+02 -1.343501e-03 3.151742e+01 -2.856329e+03
1.270000e+02 -1.398261e-03 3.172284e+01 -2.837328e+03
1.280000e+02 -1.456172e-03 3.192685e+01 -2.817547e+03
1.290000e+02 -1.209508e-03 3.212941e+01 -2.799074e+03
1.300000e+02 -8.509883e-04 3.233075e+01 -2.784795e+03
1.310000e+02 -5.555008e-04 3.253125e+01 -2.775048e+03
1.320000e+02 -5.408031e-04 3.273119e+01 -2.767450e+03
1.330000e+02 -5.201000e-04 3.293059e+01 -2.760098e+03
1.340000e+02 -5.811429e-04 3.312947e+01 -2.752467e+03
1.350000e+02 -5.552715e-04 3.332777e+01 -2.744591e+03
1.360000e+02 -5.564114e-04 3.352552e+01 -2.736887e+03
1.370000e+02 -5.175961e-04 3.372271e+01 -2.729444e+03
1.380000e+02 -5.262415e-04 3.391938e+01 -2.722210e+03
1.390000e+02 -4.741835e-04 3.411552e+01 -2.715278e+03
1.400000e+02 -5.488999e-04 3.431119e+01 -2.708188e+03
1.410000e+02 -7.128526e-02 3.450631e+01 -2.210375e+03
1.420000e+02 -2.028459e-02 3.463015e+01 -1.575794e+03
1.430000e+02 -1.047753e-02 3.473370e+01 -1.362612e+03
1.440000e+02 -1.187535e-02 3.482677e+01 -1.207706e+03
1.450000e+02 -1.359226e-02 3.490797e+01 -1.031215e+03
1.460000e+02 -1.758939e-02 3.497558e+01 -8.151255e+02
1.470000e+02 -4.000306e-02 3.502559e+01 -4.160086e+02
1.480000e+02 -3.115816e-02 3.503560e+01 7.714024e+01
1.490000e+02 -9.744346e-03 3.501446e+01 3.605955e+02
1.500000e+02 -7.885188e-03 3.498357e+01 4.827686e+02
1.510000e+02 -2.762740e-04 3.494480e+01 5.393277e+02
1.520000e+02 -2.927721e-04 3.490575e+01 5.432712e+02
1.530000e+02 -2.818075e-04 3.486640e+01 5.472530e+02
1.540000e+02 -3.895331e-04 3.482678e+01 5.519054e+02
1.550000e+02 -5.507868e-04 3.478676e+01 5.584219e+02
1.560000e+02 -5.602766e-04 3.474620e+01 5.661216e+02
1.570000e+02 -5.265835e-04 3.470507e+01 5.736535e+02
1.580000e+02 -5.697648e-04 3.466342e+01 5.812513e+02
1.590000e+02 -5.001689e-04 3.462120e+01 5.886659e+02
1.600000e+02 -4.736171e-04 3.457848e+01 5.954143e+02
1.610000e+02 -5.080605e-04 3.453528e+01 6.022173e+02
1.620000e+02 -4.890767e-04 3.449158e+01 6.091275e+02
1.630000e+02 -4.446170e-04 3.444738e+01 6.155980e+02
1.640000e+02 -4.932470e-04 3.440275e+01 6.220974e+02
1.650000e+02 -5.580111e-04 3.435761e+01 6.293827e+02
1.660000e+02 -5.070272e-04 3.431193e+01 6.367634e+02
1.670000e+02 -7.348894e-04 3.426573e+01 6.453699e+02
1.680000e+02 -1.351121e-03 3.421880e+01 6.598260e+02
1.690000e+02 -1.851233e-03 3.417052e+01 6.820184e+02
1.700000e+02 -1.357147e-03 3.412038e+01 7.042526e+02
1.710000e+02 -9.420507e-04 3.406889e+01 7.201860e+02
1.720000e+02 -6.484516e-04 3.401646e+01 7.312083e+02
1.730000e+02 -5.309740e-04 3.396338e+01 7.393817e+02
1.740000e+02 -4.488469e-04 3.390977e+01 7.461719e+02
1.750000e+02 -4.184548e-04 3.385571e+01 7.521823e+02
1.760000e+02 -4.983740e-04 3.380123e+01 7.585359e+02
1.770000e+02 -6.025425e-04 3.374625e+01 7.661653e+02
1.780000e+02 -5.831775e-04 3.369067e+01 7.743824e+02
1.790000e+02 -5.873067e-04 3.363451e+01 7.824939e+02
1.800000e+02 -5.478693e-04 3.357776e+01 7.903607e+02
1.810000e+02 -6.167400e-04 3.352046e+01 7.984314e+02
1.820000e+02 -6.205136e-04 3.346254e+01 8.070056e+02
1.830000e+02 -5.579636e-04 3.340401e+01 8.151725e+02
1.840000e+02 -5.827219e-04 3.334492e+01 8.230775e+02
1.850000e+02 -6.436393e-04 3.328524e+01 8.315762e+02
1.860000e+02 -6.078139e-04 3.322492e+01 8.402488e+02
1.870000e+02 -4.691311e-04 3.316399e+01 8.477120e+02
1.880000e+02 -4.414442e-04 3.310259e+01 8.540223e+02
1.890000e+02 -4.533235e-04 3.304076e+01 8.602231e+02
1.900000e+02 -4.513553e-04 3.297846e+01 8.664925e+02
1.910000e+02 -4.405273e-04 3.291572e+01 8.726733e+02
1.920000e+02 -4.638040e-04 3.285254e+01 8.789403e+02
1.930000e+02 -4.948615e-04 3.278889e+01 8.855839e+02
1.940000e+02 -4.774665e-04 3.272475e+01 8.923222e+02
1.950000e+02 -4.332427e-04 3.266013e+01 8.986334e+02
1.960000e+02 -4.407334e-04 3.259508e+01 9.046901e+02
1.970000e+02 -5.768271e-04 3.252958e+01 9.117418e+02
1.980000e+02 -5.310481e-04 3.246351e+01 9.194194e+02
1.990000e+02 -4.427390e-04 3.239691e+01 9.261678e+02
2.000000e+02 -8.034605e-04 3.232987e+01 9.348039e+02
2.010000e+02 -6.420782e-04 3.226202e+01 9.448216e+02
2.020000e+02 -5.181817e-04 3.219353e+01 9.528622e+02
2.030000e+02 -5.366718e-04 3.212452e+01 9.601723e+02
2.040000e+02 -6.692060e-04 3.205498e+01 9.685291e+02
2.050000e+02 -8.913383e-04 3.198476e+01 9.793437e+02
2.060000e+02 -1.142130e-03 3.191366e+01 9.934357e+02
2.070000e+02 -9.300155e-04 3.184141e+01 1.007796e+03
2.080000e+02 -7.531616e-04 3.176823e+01 1.019460e+03
2.090000e+02 -9.209285e-04 3.169430e+01 1.031062e+03
2.100000e+02 -1.191057e-03 3.161945e+01 1.045698e+03
2.110000e+02 -7.125464e-04 3.154341e+01 1.058890e+03
2.120000e+02 -3.472182e-04 3.146665e+01 1.066234e+03
2.130000e+02 -3.429090e-04 3.138955e+01 1.071017e+03
2.140000e+02 -3.315376e-04 3.131211e+01 1.075690e+03
2.150000e+02 -3.999776e-04 3.123433e+01 1.080760e+03
2.160000e+02 -3.857588e-04 3.115615e+01 1.086205e+03
2.170000e+02 -4.057767e-04 3.107759e+01 1.091690e+03
2.180000e+02 -4.310964e-04 3.099862e+01 1.097490e+03
2.190000e+02 -4.635276e-04 3.091922e+01 1.103690e+03
2.200000e+02 -4.920867e-04 3.083936e+01 1.110312e+03
2.210000e+02 -4.682217e-04 3.075900e+01 1.116967e+03
2.220000e+02 -5.075782e-04 3.067818e+01 1.123729e+03
2.230000e+02 -5.195442e-04 3.059685e+01 1.130847e+03
2.240000e+02 -5.534233e-04 3.051500e+01 1.138283e+03
2.250000e+02 -5.674493e-04 3.043260e+01 1.146051e+03
2.260000e+02 -5.271347e-04 3.034963e+01 1.153636e+03
2.270000e+02 -5.330003e-04 3.026613e+01 1.160983e+03
2.280000e+02 -5.448607e-04 3.018210e+01 1.168453e+03
2.290000e+02 -5.580203e-04 3.009752e+01 1.176096e+03
2.300000e+02 -5.549138e-04 3.001239e+01 1.183808e+03
2.310000e+02 -5.611503e-04 2.992670e+01 1.191543e+03
2.320000e+02 -5.892869e-04 2.984045e+01 1.199515e+03
2.330000e+02 -6.420789e-04 2.975361e+01 1.208049e+03
2.340000e+02 -6.763542e-04 2.966613e+01 1.217185e+03
2.350000e+02 -7.281307e-04 2.957797e+01 1.226918e+03
2.360000e+02 -6.705142e-04 2.948908e+01 1.236611e+03
2.370000e+02 -6.257695e-04 2.939953e+01 1.245594e+03
2.380000e+02 -7.103684e-04 2.930934e+01 1.254854e+03
2.390000e+02 -7.111190e-04 2.921845e+01 1.264705e+03
2.400000e+02 -6.592181e-04 2.912685e+01 1.274201e+03
2.410000e+02 -6.652987e-04 2.903458e+01 1.283380e+03
2.420000e+02 -7.940283e-04 2.894166e+01 1.293493e+03
2.430000e+02 -7.791733e-04 2.884793e+01 1.304396e+03
2.440000e+02 -6.558319e-04 2.875343e+01 1.314340e+03
2.450000e+02 -1.157079e-03 2.865827e+01 1.326904e+03
2.460000e+02 -1.466729e-03 2.856196e+01 1.345087e+03
2.470000e+02 -9.503596e-04 2.846418e+01 1.361837e+03
2.480000e+02 -7.273800e-04 2.836545e+01 1.373464e+03
2.490000e+02 -6.735213e-04 2.826599e+01 1.383172e+03
2.500000e+02 -7.755133e-04 2.816586e+01 1.393214e+03
2.510000e+02 -9.037028e-04 2.806495e+01 1.404851e+03
2.520000e+02 -7.428453e-04 2.796314e+01 1.416262e+03
2.530000e+02 -6.287098e-04 2.786058e+01 1.425767e+03
2.540000e+02 -5.727211e-04 2.775740e+01 1.434093e+03
2.550000e+02 -5.966899e-04 2.765364e+01 1.442197e+03
2.560000e+02 -5.479766e-04 2.754929e+01 1.450129e+03
2.570000e+02 -5.454302e-04 2.744439e+01 1.457707e+03
2.580000e+02 -5.271151e-04 2.733894e+01 1.465139e+03
2.590000e+02 -7.076435e-04 2.723297e+01 1.473696e+03
2.600000e+02 -1.120500e-03 2.712629e+01 1.486365e+03
2.610000e+02 -8.819439e-04 2.701849e+01 1.500242e+03
2.620000e+02 -8.238347e-04 2.690980e+01 1.512063e+03
2.630000e+02 -9.140164e-04 2.680030e+01 1.524107e+03
2.640000e+02 -7.549498e-04 2.668988e+01 1.535673e+03
2.650000e+02 -8.653958e-04 2.657870e+01 1.546902e+03
2.660000e+02 -9.021159e-04 2.646666e+01 1.559151e+03
2.670000e+02 -1.105865e-03 2.635372e+01 1.573066e+03
2.680000e+02 -1.243695e-03 2.623967e+01 1.589348e+03
2.690000e+02 -1.256618e-03 2.612437e+01 1.606676e+03
2.700000e+02 -1.091239e-03 2.600782e+01 1.622946e+03
2.710000e+02 -1.452086e-03 2.589018e+01 1.640572e+03
2.720000e+02 -9.913879e-04 2.577109e+01 1.657505e+03
2.730000e+02 -6.827138e-04 2.565100e+01 1.669107e+03
2.740000e+02 -7.872142e-04 2.553024e+01 1.679293e+03
2.750000e+02 -7.865334e-04 2.540868e+01 1.690199e+03
2.760000e+02 -6.719614e-04 2.528634e+01 1.700307e+03
2.770000e+02 -6.023464e-04 2.516333e+01 1.709138e+03
2.780000e+02 -5.921798e-04 2.503971e+01 1.717416e+03
2.790000e+02 -6.477010e-04 2.491551e+01 1.726008e+03
2.800000e+02 -5.825865e-04 2.479065e+01 1.734534e+03
2.810000e+02 -5.508575e-04 2.466521e+01 1.742389e+03
2.820000e+02 -6.346691e-04 2.453923e+01 1.750605e+03
2.830000e+02 -5.912427e-04 2.441260e+01 1.759100e+03
2.840000e+02 -6.772397e-04 2.428539e+01 1.767891e+03
2.850000e+02 -6.968949e-04 2.415750e+01 1.777414e+03
2.860000e+02 -6.215248e-04 2.402891e+01 1.786550e+03
2.870000e+02 -6.957582e-04 2.389970e+01 1.795679e+03
2.880000e+02 -8.704784e-04 2.376979e+01 1.806533e+03
2.890000e+02 -7.251792e-04 2.363902e+01 1.817591e+03
2.900000e+02 -7.919143e-04 2.350751e+01 1.828105e+03
2.910000e+02 -8.540567e-04 2.337522e+01 1.839511e+03
2.920000e+02 -7.527684e-04 2.324207e+01 1.850647e+03
2.930000e+02 -7.633543e-04 2.310817e+01 1.861153e+03
2.940000e+02 -6.902013e-04 2.297351e+01 1.871226e+03
2.950000e+02 -6.772221e-04 2.283816e+01 1.880703e+03
2.960000e+02 -8.197927e-04 2.270212e+01 1.891077e+03
2.970000e+02 -7.495521e-04 2.256527e+01 1.901953e+03
2.980000e+02 -5.946098e-04 2.242767e+01 1.911268e+03
2.990000e+02 -6.352348e-04 2.228948e+01 1.919791e+03
3.000000e+02 -5.713355e-04 2.215065e+01 1.928152e+03
3.010000e+02 -5.043674e-04 2.201125e+01 1.935607e+03
3.020000e+02 -5.101033e-04 2.187134e+01 1.942637e+03
3.030000e+02 -5.635090e-04 2.173092e+01 1.950077e+03
3.040000e+02 -6.402035e-04 2.158995e+01 1.958419e+03
3.050000e+02 -6.487015e-04 2.144833e+01 1.967351e+03
3.060000e+02 -5.762072e-04 2.130606e+01 1.975840e+03
3.070000e+02 -5.954147e-04 2.116321e+01 1.983959e+03
3.080000e+02 -5.600051e-04 2.101977e+01 1.991966e+03
3.090000e+02 -5.509763e-04 2.087577e+01 1.999665e+03
3.100000e+02 -6.271645e-04 2.073122e+01 2.007830e+03
3.110000e+02 -6.782216e-04 2.058604e+01 2.016876e+03
3.120000e+02 -7.412634e-04 2.044019e+01 2.026713e+03
3.130000e+02 -8.319052e-04 2.029359e+01 2.037615e+03
3.140000e+02 -8.296355e-04 2.014616e+01 2.049130e+03
3.150000e+02 -6.862489e-04 1.999790e+01 2.059635e+03
3.160000e+02 -6.784764e-04 1.984895e+01 2.069093e+03
3.170000e+02 -6.134549e-04 1.969933e+01 2.078046e+03
3.180000e+02 -6.273238e-04 1.954909e+01 2.086644e+03
3.190000e+02 -6.362181e-04 1.939823e+01 2.095401e+03
3.200000e+02 -7.258103e-04 1.924673e+01 2.104840e+03
3.210000e+02 -6.891694e-04 1.909450e+01 2.114645e+03
3.220000e+02 -6.234621e-04 1.894158e+01 2.123742e+03
3.230000e+02 -5.842116e-04 1.878805e+01 2.132111e+03
3.240000e+02 -5.919766e-04 1.863392e+01 2.140262e+03
3.250000e+02 -6.131006e-04 1.847921e+01 2.148613e+03
3.260000e+02 -7.849732e-04 1.832388e+01 2.158302e+03
3.270000e+02 -9.295720e-04 1.816776e+01 2.170184e+03
3.280000e+02 -7.785008e-04 1.801072e+01 2.182021e+03
3.290000e+02 -8.740462e-04 1.785290e+01 2.193473e+03
3.300000e+02 -1.275495e-03 1.769420e+01 2.208369e+03
3.310000e+02 -8.861156e-04 1.753423e+01 2.223349e+03
3.320000e+02 -1.027107e-03 1.737337e+01 2.236608e+03
3.330000e+02 -8.989023e-04 1.721149e+01 2.249955e+03
3.340000e+02 -6.218440e-04 1.704871e+01 2.260494e+03
3.350000e+02 -6.730237e-04 1.688530e+01 2.269468e+03
3.360000e+02 -7.770815e-04 1.672122e+01 2.279517e+03
3.370000e+02 -7.338311e-04 1.655637e+01 2.289988e+03
3.380000e+02 -7.209224e-04 1.639078e+01 2.300069e+03
3.390000e+02 -6.733566e-04 1.622447e+01 2.309731e+03
3.400000e+02 -6.293838e-04 1.605749e+01 2.318760e+03
3.410000e+02 -5.595172e-04 1.588987e+01 2.326999e+03
3.420000e+02 -5.557466e-04 1.572170e+01 2.334727e+03
3.430000e+02 -5.887231e-04 1.555297e+01 2.342659e+03
3.440000e+02 -6.108569e-04 1.538365e+01 2.350972e+03
3.450000e+02 -5.213259e-04 1.521373e+01 2.358818e+03
3.460000e+02 -4.703417e-04 1.504328e+01 2.365690e+03
3.470000e+02 -5.769500e-04 1.487236e+01 2.372948e+03
3.480000e+02 -5.968072e-04 1.470086e+01 2.381082e+03
3.490000e+02 -6.574924e-04 1.452877e+01 2.389774e+03
3.500000e+02 -6.232951e-04 1.435602e+01 2.398650e+03
3.510000e+02 -6.452483e-04 1.418264e+01 2.407441e+03
3.520000e+02 -6.669685e-04 1.400863e+01 2.416535e+03
3.530000e+02 -6.742775e-04 1.383394e+01 2.425830e+03
3.540000e+02 -5.704268e-04 1.365858e+01 2.434456e+03
3.550000e+02 -5.738075e-04 1.348265e+01 2.442385e+03
3.560000e+02 -5.723865e-04 1.330614e+01 2.450328e+03
3.570000e+02 -5.735268e-04 1.312907e+01 2.458270e+03
3.580000e+02 -5.367899e-04 1.295142e+01 2.465964e+03
3.590000e+02 -5.227709e-04 1.277323e+01 2.473307e+03
3.600000e+02 -5.086888e-04 1.259452e+01 2.480455e+03
3.610000e+02 -5.537173e-04 1.241530e+01 2.487817e+03
3.620000e+02 -7.776384e-04 1.223553e+01 2.497044e+03
3.630000e+02 -9.183231e-04 1.205498e+01 2.508797e+03
3.640000e+02 -7.771675e-04 1.187351e+01 2.520547e+03
3.650000e+02 -9.858323e-04 1.169126e+01 2.532764e+03
3.660000e+02 -9.989058e-04 1.150803e+01 2.546518e+03
3.670000e+02 -7.865755e-04 1.132380e+01 2.558892e+03
3.680000e+02 -6.196903e-04 1.113878e+01 2.568637e+03
3.690000e+02 -6.063335e-04 1.095315e+01 2.577134e+03
3.700000e+02 -6.962927e-04 1.076691e+01 2.586161e+03
3.710000e+02 -6.576927e-04 1.057997e+01 2.595544e+03
3.720000e+02 -6.028582e-04 1.039237e+01 2.604280e+03
3.730000e+02 -6.330531e-04 1.020417e+01 2.612845e+03
3.740000e+02 -7.053883e-04 1.001534e+01 2.622120e+03
3.750000e+02 -8.429846e-04 9.825798e+00 2.632850e+03
3.760000e+02 -8.219641e-04 9.635417e+00 2.644388e+03
3.770000e+02 -7.878675e-04 9.444213e+00 2.655545e+03
3.780000e+02 -1.381471e-03 9.252222e+00 2.670578e+03
3.790000e+02 -1.838853e-03 9.058850e+00 2.692895e+03
3.800000e+02 -2.263109e-03 8.863638e+00 2.721322e+03
3.810000e+02 -1.575598e-03 8.666164e+00 2.747924e+03
3.820000e+02 -7.239502e-04 8.467114e+00 2.763860e+03
3.830000e+02 -6.590894e-04 8.267340e+00 2.773444e+03
3.840000e+02 -9.527920e-04 8.066907e+00 2.784615e+03
3.850000e+02 -8.169843e-04 7.865521e+00 2.796879e+03
3.860000e+02 -6.475385e-04 7.663318e+00 2.807029e+03
3.870000e+02 -6.855203e-04 7.460467e+00 2.816267e+03
3.880000e+02 -6.334543e-04 7.256931e+00 2.825407e+03
3.890000e+02 -6.819924e-04 7.052762e+00 2.834523e+03
3.900000e+02 -6.366157e-04 6.847910e+00 2.843661e+03
3.910000e+02 -6.698394e-04 6.642422e+00 2.852715e+03
3.920000e+02 -5.795693e-04 6.436265e+00 2.861374e+03
3.930000e+02 -4.499879e-04 6.229527e+00 2.868508e+03
3.940000e+02 -4.443539e-04 6.022340e+00 2.874706e+03
3.950000e+02 -5.451036e-04 5.814708e+00 2.881563e+03
3.960000e+02 -3.877735e-04 5.606531e+00 2.888028e+03
3.970000e+02 -4.155606e-04 5.397966e+00 2.893595e+03
3.980000e+02 -4.385207e-04 5.188986e+00 2.899514e+03
3.990000e+02 -5.955563e-04 4.979567e+00 2.906680e+03
4.000000e+02 -6.026859e-04 4.769553e+00 2.914984e+03
4.010000e+02 -7.145083e-04 4.558936e+00 2.924112e+03
4.020000e+02 -6.143284e-04 4.347605e+00 2.933321e+03
4.030000e+02 -6.956654e-04 4.135659e+00 2.942399e+03
4.040000e+02 -6.092295e-04 3.923017e+00 2.951442e+03
4.050000e+02 -5.178948e-04 3.709767e+00 2.959253e+03
4.060000e+02 -5.233363e-04 3.495998e+00 2.966469e+03
4.070000e+02 -5.472032e-04 3.281706e+00 2.973888e+03
4.080000e+02 -7.706611e-04 3.066867e+00 2.983021e+03
4.090000e+02 -6.392377e-04 2.851257e+00 2.992791e+03
4.100000e+02 -5.722436e-04 2.635008e+00 3.001187e+03
4.110000e+02 -6.043710e-04 2.418187e+00 3.009341e+03
4.120000e+02 -6.349111e-04 2.200761e+00 3.017929e+03
4.130000e+02 -5.210116e-04 1.982700e+00 3.025940e+03
4.140000e+02 -5.057553e-04 1.764119e+00 3.033055e+03
4.150000e+02 -1.040045e-03 1.545031e+00 3.043768e+03
4.160000e+02 -7.985990e-04 1.324904e+00 3.056509e+03
4.170000e+02 -6.389975e-04 1.103978e+00 3.066472e+03
4.180000e+02 -6.608481e-01 8.824131e-01 3.078418e+03
4.190000e+02 -9.416116e-04 6.597633e-01 3.090364e+03
