0.000000e+00 0.000000e+00 
1.000000e+00 1.898401e+13 
2.000000e+00 3.830228e+13 
3.000000e+00 3.736567e+13 
4.000000e+00 3.786660e+13 
5.000000e+00 3.852802e+13 
6.000000e+00 3.948688e+13 
7.000000e+00 4.028507e+13 
8.000000e+00 3.974525e+13 
9.000000e+00 3.979278e+13 
1.000000e+01 4.061191e+13 
1.100000e+01 4.042814e+13 
1.200000e+01 4.001895e+13 
1.300000e+01 3.959806e+13 
1.400000e+01 3.946414e+13 
1.500000e+01 4.026821e+13 
1.600000e+01 3.991229e+13 
1.700000e+01 3.993909e+13 
1.800000e+01 3.931938e+13 
1.900000e+01 4.106615e+13 
2.000000e+01 3.944582e+13 
2.100000e+01 3.933808e+13 
2.200000e+01 4.024340e+13 
2.300000e+01 3.994188e+13 
2.400000e+01 3.967106e+13 
2.500000e+01 3.875046e+13 
2.600000e+01 3.815424e+13 
2.700000e+01 3.920391e+13 
2.800000e+01 3.805546e+13 
2.900000e+01 3.771157e+13 
3.000000e+01 3.665179e+13 
3.100000e+01 3.639898e+13 
3.200000e+01 3.712200e+13 
3.300000e+01 3.749309e+13 
3.400000e+01 3.726768e+13 
3.500000e+01 3.634318e+13 
3.600000e+01 3.576910e+13 
3.700000e+01 3.602059e+13 
3.800000e+01 3.618342e+13 
3.900000e+01 3.658609e+13 
4.000000e+01 3.813679e+13 
4.100000e+01 3.795487e+13 
4.200000e+01 3.817229e+13 
4.300000e+01 3.817609e+13 
4.400000e+01 3.800594e+13 
4.500000e+01 3.778027e+13 
4.600000e+01 3.762954e+13 
4.700000e+01 3.790623e+13 
4.800000e+01 3.778804e+13 
4.900000e+01 3.755619e+13 
5.000000e+01 3.740810e+13 
5.100000e+01 3.725231e+13 
5.200000e+01 3.780822e+13 
5.300000e+01 3.736629e+13 
5.400000e+01 3.689500e+13 
5.500000e+01 3.720627e+13 
5.600000e+01 3.654195e+13 
5.700000e+01 3.712314e+13 
5.800000e+01 3.866759e+13 
5.900000e+01 3.898635e+13 
6.000000e+01 3.862776e+13 
6.100000e+01 3.656643e+13 
6.200000e+01 3.737871e+13 
6.300000e+01 3.778698e+13 
6.400000e+01 3.680996e+13 
6.500000e+01 3.698880e+13 
6.600000e+01 3.741064e+13 
6.700000e+01 3.720749e+13 
6.800000e+01 3.671681e+13 
6.900000e+01 3.611088e+13 
7.000000e+01 3.618673e+13 
7.100000e+01 3.520228e+13 
7.200000e+01 3.516890e+13 
7.300000e+01 3.608649e+13 
7.400000e+01 3.614848e+13 
7.500000e+01 3.488290e+13 
7.600000e+01 3.315263e+13 
7.700000e+01 3.380947e+13 
7.800000e+01 3.391136e+13 
7.900000e+01 3.321317e+13 
8.000000e+01 3.361538e+13 
8.100000e+01 3.310230e+13 
8.200000e+01 3.233566e+13 
8.300000e+01 3.259961e+13 
8.400000e+01 3.425212e+13 
8.500000e+01 3.353540e+13 
8.600000e+01 3.414875e+13 
8.700000e+01 3.434745e+13 
8.800000e+01 3.432348e+13 
8.900000e+01 3.367015e+13 
9.000000e+01 3.545443e+13 
9.100000e+01 3.443864e+13 
9.200000e+01 3.403874e+13 
9.300000e+01 3.470230e+13 
9.400000e+01 3.552949e+13 
9.500000e+01 3.449441e+13 
9.600000e+01 3.471836e+13 
9.700000e+01 3.356359e+13 
9.800000e+01 3.230771e+13 
9.900000e+01 3.367596e+13 
1.000000e+02 3.382935e+13 
1.010000e+02 3.318601e+13 
1.020000e+02 3.237378e+13 
1.030000e+02 3.283142e+13 
1.040000e+02 3.284989e+13 
1.050000e+02 3.357544e+13 
1.060000e+02 3.477813e+13 
1.070000e+02 3.316482e+13 
1.080000e+02 3.293162e+13 
1.090000e+02 3.267648e+13 
1.100000e+02 3.323203e+13 
1.110000e+02 3.208661e+13 
1.120000e+02 3.290737e+13 
1.130000e+02 3.325522e+13 
1.140000e+02 3.350473e+13 
1.150000e+02 3.290609e+13 
1.160000e+02 3.325643e+13 
1.170000e+02 3.372667e+13 
1.180000e+02 3.199627e+13 
1.190000e+02 3.190903e+13 
1.200000e+02 3.249816e+13 
1.210000e+02 3.256683e+13 
1.220000e+02 3.275516e+13 
1.230000e+02 3.262207e+13 
1.240000e+02 3.234885e+13 
1.250000e+02 3.152272e+13 
1.260000e+02 3.163919e+13 
1.270000e+02 3.071893e+13 
1.280000e+02 3.132595e+13 
1.290000e+02 3.229625e+13 
1.300000e+02 3.237088e+13 
1.310000e+02 3.225967e+13 
1.320000e+02 3.275082e+13 
1.330000e+02 3.309967e+13 
1.340000e+02 3.048726e+13 
1.350000e+02 3.110616e+13 
1.360000e+02 3.033262e+13 
1.370000e+02 3.072890e+13 
1.380000e+02 3.151794e+13 
1.390000e+02 3.169350e+13 
1.400000e+02 3.138926e+13 
1.410000e+02 3.035854e+13 
1.420000e+02 3.029919e+13 
1.430000e+02 3.004802e+13 
1.440000e+02 2.841061e+13 
1.450000e+02 2.533304e+13 
1.460000e+02 2.640785e+13 
1.470000e+02 2.664366e+13 
1.480000e+02 2.863129e+13 
1.490000e+02 2.900460e+13 
1.500000e+02 2.839016e+13 
1.510000e+02 2.791739e+13 
1.520000e+02 2.844240e+13 
1.530000e+02 2.975295e+13 
1.540000e+02 2.917535e+13 
1.550000e+02 2.906419e+13 
1.560000e+02 2.833688e+13 
1.570000e+02 2.799270e+13 
1.580000e+02 2.592732e+13 
1.590000e+02 2.550213e+13 
1.600000e+02 2.484155e+13 
1.610000e+02 2.460569e+13 
1.620000e+02 2.318881e+13 
1.630000e+02 2.346897e+13 
1.640000e+02 2.454440e+13 
1.650000e+02 2.433520e+13 
1.660000e+02 2.388150e+13 
1.670000e+02 2.369062e+13 
1.680000e+02 2.277460e+13 
1.690000e+02 2.286071e+13 
1.700000e+02 2.269935e+13 
1.710000e+02 2.317885e+13 
1.720000e+02 2.468725e+13 
1.730000e+02 2.564687e+13 
1.740000e+02 2.488570e+13 
1.750000e+02 2.338735e+13 
1.760000e+02 2.342239e+13 
1.770000e+02 2.370453e+13 
1.780000e+02 2.205220e+13 
1.790000e+02 2.170317e+13 
1.800000e+02 2.024423e+13 
1.810000e+02 2.052107e+13 
1.820000e+02 1.994063e+13 
1.830000e+02 1.836856e+13 
1.840000e+02 1.811734e+13 
1.850000e+02 2.045330e+13 
1.860000e+02 1.980935e+13 
1.870000e+02 1.786795e+13 
1.880000e+02 2.034667e+13 
1.890000e+02 1.830596e+13 
1.900000e+02 1.765789e+13 
1.910000e+02 2.032843e+13 
1.920000e+02 1.901966e+13 
1.930000e+02 1.893763e+13 
1.940000e+02 1.899828e+13 
1.950000e+02 1.714744e+13 
1.960000e+02 1.834298e+13 
1.970000e+02 1.758891e+13 
1.980000e+02 1.813685e+13 
1.990000e+02 1.865737e+13 
2.000000e+02 1.519698e+13 
2.010000e+02 1.333800e+13 
2.020000e+02 1.678345e+13 
2.030000e+02 1.488348e+13 
2.040000e+02 1.590728e+13 
2.050000e+02 1.760057e+13 
2.060000e+02 1.881780e+13 
2.070000e+02 1.575309e+13 
2.080000e+02 1.173302e+13 
2.090000e+02 1.521873e+13 
2.100000e+02 1.503370e+13 
2.110000e+02 1.775309e+13 
2.120000e+02 1.434618e+13 
2.130000e+02 1.353615e+13 
2.140000e+02 1.537970e+13 
2.150000e+02 1.525409e+13 
2.160000e+02 1.584297e+13 
2.170000e+02 1.442813e+13 
2.180000e+02 1.475967e+13 
2.190000e+02 1.677932e+13 
2.200000e+02 1.838260e+13 
2.210000e+02 1.585289e+13 
2.220000e+02 1.399062e+13 
2.230000e+02 1.572160e+13 
2.240000e+02 1.667559e+13 
2.250000e+02 1.515214e+13 
2.260000e+02 1.629452e+13 
2.270000e+02 1.690902e+13 
2.280000e+02 1.585127e+13 
2.290000e+02 1.899930e+13 
2.300000e+02 2.091243e+13 
2.310000e+02 2.201698e+13 
2.320000e+02 1.929859e+13 
2.330000e+02 1.824549e+13 
2.340000e+02 2.164182e+13 
2.350000e+02 2.118327e+13 
2.360000e+02 2.100941e+13 
2.370000e+02 2.133023e+13 
2.380000e+02 2.282225e+13 
2.390000e+02 2.450682e+13 
2.400000e+02 2.387232e+13 
2.410000e+02 2.339071e+13 
2.420000e+02 2.281257e+13 
2.430000e+02 2.339379e+13 
2.440000e+02 2.393819e+13 
2.450000e+02 2.571346e+13 
2.460000e+02 2.375106e+13 
2.470000e+02 2.109526e+13 
2.480000e+02 2.195671e+13 
2.490000e+02 2.391695e+13 
2.500000e+02 2.461901e+13 
2.510000e+02 2.396071e+13 
2.520000e+02 2.398647e+13 
2.530000e+02 2.372482e+13 
2.540000e+02 2.297911e+13 
2.550000e+02 2.290943e+13 
2.560000e+02 2.317052e+13 
2.570000e+02 2.260782e+13 
2.580000e+02 2.403648e+13 
2.590000e+02 2.394430e+13 
2.600000e+02 2.601460e+13 
2.610000e+02 2.659963e+13 
2.620000e+02 2.704691e+13 
2.630000e+02 2.778627e+13 
2.640000e+02 2.838529e+13 
2.650000e+02 2.744412e+13 
2.660000e+02 2.762977e+13 
2.670000e+02 2.714790e+13 
2.680000e+02 2.709684e+13 
2.690000e+02 2.597436e+13 
2.700000e+02 2.554838e+13 
2.710000e+02 2.556629e+13 
2.720000e+02 2.565675e+13 
2.730000e+02 2.556789e+13 
2.740000e+02 2.603724e+13 
2.750000e+02 2.722287e+13 
2.760000e+02 2.737744e+13 
2.770000e+02 2.924446e+13 
2.780000e+02 3.070872e+13 
2.790000e+02 2.827261e+13 
2.800000e+02 2.973647e+13 
2.810000e+02 2.921777e+13 
2.820000e+02 2.995824e+13 
2.830000e+02 2.886169e+13 
2.840000e+02 2.996662e+13 
2.850000e+02 3.008399e+13 
2.860000e+02 3.004437e+13 
2.870000e+02 2.948782e+13 
2.880000e+02 3.077422e+13 
2.890000e+02 3.155584e+13 
2.900000e+02 3.324683e+13 
2.910000e+02 3.492390e+13 
2.920000e+02 3.440710e+13 
2.930000e+02 3.416364e+13 
2.940000e+02 3.333933e+13 
2.950000e+02 3.208366e+13 
2.960000e+02 3.285725e+13 
2.970000e+02 3.279533e+13 
2.980000e+02 3.239008e+13 
2.990000e+02 3.365831e+13 
3.000000e+02 3.377907e+13 
3.010000e+02 3.332140e+13 
3.020000e+02 3.427836e+13 
3.030000e+02 3.265779e+13 
3.040000e+02 3.228893e+13 
3.050000e+02 3.265824e+13 
3.060000e+02 3.231082e+13 
3.070000e+02 3.324400e+13 
3.080000e+02 3.295108e+13 
3.090000e+02 3.391985e+13 
3.100000e+02 3.419546e+13 
3.110000e+02 3.333322e+13 
3.120000e+02 3.228190e+13 
3.130000e+02 3.118026e+13 
3.140000e+02 3.252991e+13 
3.150000e+02 3.319310e+13 
3.160000e+02 3.347037e+13 
3.170000e+02 3.354086e+13 
3.180000e+02 3.438243e+13 
3.190000e+02 3.453372e+13 
3.200000e+02 3.539636e+13 
3.210000e+02 3.477082e+13 
3.220000e+02 3.419660e+13 
3.230000e+02 3.562178e+13 
3.240000e+02 3.555673e+13 
3.250000e+02 3.536695e+13 
3.260000e+02 3.539816e+13 
3.270000e+02 3.463248e+13 
3.280000e+02 3.531698e+13 
3.290000e+02 3.538514e+13 
3.300000e+02 3.498472e+13 
3.310000e+02 3.389247e+13 
3.320000e+02 3.429324e+13 
3.330000e+02 3.501421e+13 
3.340000e+02 3.531816e+13 
3.350000e+02 3.536526e+13 
3.360000e+02 3.581108e+13 
3.370000e+02 3.566137e+13 
3.380000e+02 3.559912e+13 
3.390000e+02 3.679063e+13 
3.400000e+02 3.617431e+13 
3.410000e+02 3.631142e+13 
3.420000e+02 3.593420e+13 
3.430000e+02 3.464221e+13 
3.440000e+02 3.428994e+13 
3.450000e+02 3.455097e+13 
3.460000e+02 3.434336e+13 
3.470000e+02 3.477497e+13 
3.480000e+02 3.445991e+13 
3.490000e+02 3.397490e+13 
3.500000e+02 3.486036e+13 
3.510000e+02 3.503711e+13 
3.520000e+02 3.522159e+13 
3.530000e+02 3.518419e+13 
3.540000e+02 3.493961e+13 
3.550000e+02 3.479091e+13 
3.560000e+02 3.546136e+13 
3.570000e+02 3.665548e+13 
3.580000e+02 3.713951e+13 
3.590000e+02 3.690733e+13 
3.600000e+02 3.660613e+13 
3.610000e+02 3.783568e+13 
3.620000e+02 3.781779e+13 
3.630000e+02 3.742291e+13 
3.640000e+02 3.774536e+13 
3.650000e+02 3.737736e+13 
3.660000e+02 3.669415e+13 
3.670000e+02 3.663544e+13 
3.680000e+02 3.719561e+13 
3.690000e+02 3.837593e+13 
3.700000e+02 3.840179e+13 
3.710000e+02 3.715072e+13 
3.720000e+02 3.725682e+13 
3.730000e+02 3.755038e+13 
3.740000e+02 3.726723e+13 
3.750000e+02 3.805013e+13 
3.760000e+02 3.916250e+13 
3.770000e+02 3.882874e+13 
3.780000e+02 3.914869e+13 
3.790000e+02 3.977568e+13 
3.800000e+02 3.976656e+13 
3.810000e+02 3.847706e+13 
3.820000e+02 3.811125e+13 
3.830000e+02 3.849743e+13 
3.840000e+02 3.984292e+13 
3.850000e+02 3.961007e+13 
3.860000e+02 3.883510e+13 
3.870000e+02 4.003220e+13 
3.880000e+02 4.037555e+13 
3.890000e+02 3.940681e+13 
3.900000e+02 3.912130e+13 
3.910000e+02 3.836343e+13 
3.920000e+02 3.908648e+13 
3.930000e+02 3.977999e+13 
3.940000e+02 3.879444e+13 
3.950000e+02 3.986914e+13 
3.960000e+02 4.006055e+13 
3.970000e+02 3.953749e+13 
3.980000e+02 3.955016e+13 
3.990000e+02 3.896645e+13 
4.000000e+02 3.963079e+13 
4.010000e+02 3.942495e+13 
4.020000e+02 4.000969e+13 
4.030000e+02 3.995963e+13 
4.040000e+02 4.048571e+13 
4.050000e+02 4.046889e+13 
4.060000e+02 4.000842e+13 
4.070000e+02 3.944391e+13 
4.080000e+02 3.961285e+13 
4.090000e+02 3.884249e+13 
4.100000e+02 3.959121e+13 
4.110000e+02 4.013463e+13 
4.120000e+02 4.003048e+13 
4.130000e+02 3.966564e+13 
4.140000e+02 3.929981e+13 
4.150000e+02 3.950172e+13 
4.160000e+02 3.968762e+13 
4.170000e+02 3.927357e+13 
4.180000e+02 3.947282e+13 
4.190000e+02 3.869465e+13 
