0.000000e+00 1.023905e+09 
1.000000e+00 1.008101e+09 
2.000000e+00 9.927978e+08 
3.000000e+00 9.982510e+08 
4.000000e+00 1.003737e+09 
5.000000e+00 9.977965e+08 
6.000000e+00 9.988155e+08 
7.000000e+00 9.992747e+08 
8.000000e+00 1.009082e+09 
9.000000e+00 1.019543e+09 
1.000000e+01 1.022688e+09 
1.100000e+01 1.021553e+09 
1.200000e+01 1.025321e+09 
1.300000e+01 1.031536e+09 
1.400000e+01 1.030296e+09 
1.500000e+01 1.030300e+09 
1.600000e+01 1.033311e+09 
1.700000e+01 1.035135e+09 
1.800000e+01 1.042111e+09 
1.900000e+01 1.050676e+09 
2.000000e+01 1.056209e+09 
2.100000e+01 1.057164e+09 
2.200000e+01 1.060349e+09 
2.300000e+01 1.066440e+09 
2.400000e+01 1.079622e+09 
2.500000e+01 1.081476e+09 
2.600000e+01 1.088131e+09 
2.700000e+01 1.091949e+09 
2.800000e+01 1.090788e+09 
2.900000e+01 1.090441e+09 
3.000000e+01 1.095700e+09 
3.100000e+01 1.103586e+09 
3.200000e+01 1.111061e+09 
3.300000e+01 1.112911e+09 
3.400000e+01 1.119784e+09 
3.500000e+01 1.131076e+09 
3.600000e+01 1.143091e+09 
3.700000e+01 1.145937e+09 
3.800000e+01 1.147460e+09 
3.900000e+01 1.149039e+09 
4.000000e+01 1.156528e+09 
4.100000e+01 1.166543e+09 
4.200000e+01 1.170803e+09 
4.300000e+01 1.180114e+09 
4.400000e+01 1.185591e+09 
4.500000e+01 1.184027e+09 
4.600000e+01 1.187123e+09 
4.700000e+01 1.198498e+09 
4.800000e+01 1.204780e+09 
4.900000e+01 1.209819e+09 
5.000000e+01 1.215752e+09 
5.100000e+01 1.228149e+09 
5.200000e+01 1.237798e+09 
5.300000e+01 1.241396e+09 
5.400000e+01 1.249617e+09 
5.500000e+01 1.256753e+09 
5.600000e+01 1.259892e+09 
5.700000e+01 1.267811e+09 
5.800000e+01 1.280426e+09 
5.900000e+01 1.292672e+09 
6.000000e+01 1.296723e+09 
6.100000e+01 1.300932e+09 
6.200000e+01 1.301616e+09 
6.300000e+01 1.305430e+09 
6.400000e+01 1.309988e+09 
6.500000e+01 1.317166e+09 
6.600000e+01 1.319378e+09 
6.700000e+01 1.323770e+09 
6.800000e+01 1.329955e+09 
6.900000e+01 1.338665e+09 
7.000000e+01 1.347318e+09 
7.100000e+01 1.352595e+09 
7.200000e+01 1.358139e+09 
7.300000e+01 1.360995e+09 
7.400000e+01 1.373828e+09 
7.500000e+01 1.374337e+09 
7.600000e+01 1.379376e+09 
7.700000e+01 1.385589e+09 
7.800000e+01 1.395740e+09 
7.900000e+01 1.407226e+09 
8.000000e+01 1.412198e+09 
8.100000e+01 1.416069e+09 
8.200000e+01 1.425445e+09 
8.300000e+01 1.432455e+09 
8.400000e+01 1.436168e+09 
8.500000e+01 1.443163e+09 
8.600000e+01 1.448861e+09 
8.700000e+01 1.455249e+09 
8.800000e+01 1.457999e+09 
8.900000e+01 1.465890e+09 
9.000000e+01 1.471878e+09 
9.100000e+01 1.481552e+09 
9.200000e+01 1.498843e+09 
9.300000e+01 1.503959e+09 
9.400000e+01 1.502529e+09 
9.500000e+01 1.506199e+09 
9.600000e+01 1.517364e+09 
9.700000e+01 1.523138e+09 
9.800000e+01 1.529906e+09 
9.900000e+01 1.531178e+09 
1.000000e+02 1.540087e+09 
1.010000e+02 1.544226e+09 
1.020000e+02 1.549268e+09 
1.030000e+02 1.563137e+09 
1.040000e+02 1.572588e+09 
1.050000e+02 1.583702e+09 
1.060000e+02 1.587245e+09 
1.070000e+02 1.591133e+09 
1.080000e+02 1.599779e+09 
1.090000e+02 1.609950e+09 
1.100000e+02 1.614575e+09 
1.110000e+02 1.615908e+09 
1.120000e+02 1.618096e+09 
1.130000e+02 1.626164e+09 
1.140000e+02 1.632240e+09 
1.150000e+02 1.642187e+09 
1.160000e+02 1.645094e+09 
1.170000e+02 1.652734e+09 
1.180000e+02 1.662126e+09 
1.190000e+02 1.672672e+09 
1.200000e+02 1.685394e+09 
1.210000e+02 1.693337e+09 
1.220000e+02 1.692798e+09 
1.230000e+02 1.696596e+09 
1.240000e+02 1.703150e+09 
1.250000e+02 1.709461e+09 
1.260000e+02 1.715851e+09 
1.270000e+02 1.727891e+09 
1.280000e+02 1.723242e+09 
1.290000e+02 1.738615e+09 
1.300000e+02 1.744452e+09 
1.310000e+02 1.752635e+09 
1.320000e+02 1.763403e+09 
1.330000e+02 1.770477e+09 
1.340000e+02 1.781104e+09 
1.350000e+02 1.784273e+09 
1.360000e+02 1.800064e+09 
1.370000e+02 1.811772e+09 
1.380000e+02 1.817617e+09 
1.390000e+02 1.818115e+09 
1.400000e+02 1.829029e+09 
1.410000e+02 1.839513e+09 
1.420000e+02 1.849979e+09 
1.430000e+02 1.867250e+09 
1.440000e+02 1.873443e+09 
1.450000e+02 1.878087e+09 
1.460000e+02 1.892984e+09 
1.470000e+02 1.898741e+09 
1.480000e+02 1.907823e+09 
1.490000e+02 1.914801e+09 
1.500000e+02 1.919103e+09 
1.510000e+02 1.918048e+09 
1.520000e+02 1.926213e+09 
1.530000e+02 1.929742e+09 
1.540000e+02 1.943150e+09 
1.550000e+02 1.950125e+09 
1.560000e+02 1.959525e+09 
1.570000e+02 1.976350e+09 
1.580000e+02 1.983443e+09 
1.590000e+02 1.980987e+09 
1.600000e+02 1.991589e+09 
1.610000e+02 1.997979e+09 
1.620000e+02 2.002697e+09 
1.630000e+02 2.006772e+09 
1.640000e+02 2.021889e+09 
1.650000e+02 2.030084e+09 
1.660000e+02 2.032376e+09 
1.670000e+02 2.046911e+09 
1.680000e+02 2.059833e+09 
1.690000e+02 2.060239e+09 
1.700000e+02 2.068096e+09 
1.710000e+02 2.077049e+09 
1.720000e+02 2.090555e+09 
1.730000e+02 2.102476e+09 
1.740000e+02 2.116226e+09 
1.750000e+02 2.128281e+09 
1.760000e+02 2.125944e+09 
1.770000e+02 2.136939e+09 
1.780000e+02 2.152155e+09 
1.790000e+02 2.152726e+09 
1.800000e+02 2.155990e+09 
1.810000e+02 2.169177e+09 
1.820000e+02 2.180908e+09 
1.830000e+02 2.191212e+09 
1.840000e+02 2.193895e+09 
1.850000e+02 2.198102e+09 
1.860000e+02 2.206790e+09 
1.870000e+02 2.209705e+09 
1.880000e+02 2.216530e+09 
1.890000e+02 2.227752e+09 
1.900000e+02 2.246696e+09 
1.910000e+02 2.256218e+09 
1.920000e+02 2.270261e+09 
1.930000e+02 2.280531e+09 
1.940000e+02 2.292561e+09 
1.950000e+02 2.301071e+09 
1.960000e+02 2.302951e+09 
1.970000e+02 2.313005e+09 
1.980000e+02 2.318664e+09 
1.990000e+02 2.321432e+09 
2.000000e+02 2.338949e+09 
2.010000e+02 2.350176e+09 
2.020000e+02 2.357461e+09 
2.030000e+02 2.360933e+09 
2.040000e+02 2.366494e+09 
2.050000e+02 2.372955e+09 
2.060000e+02 2.385587e+09 
2.070000e+02 2.403561e+09 
2.080000e+02 2.412187e+09 
2.090000e+02 2.415547e+09 
2.100000e+02 2.422948e+09 
2.110000e+02 2.434582e+09 
2.120000e+02 2.433656e+09 
2.130000e+02 2.445883e+09 
2.140000e+02 2.450681e+09 
2.150000e+02 2.459391e+09 
2.160000e+02 2.474785e+09 
2.170000e+02 2.488944e+09 
2.180000e+02 2.494014e+09 
2.190000e+02 2.506523e+09 
2.200000e+02 2.525692e+09 
2.210000e+02 2.535179e+09 
2.220000e+02 2.538894e+09 
2.230000e+02 2.549056e+09 
2.240000e+02 2.562683e+09 
2.250000e+02 2.569577e+09 
2.260000e+02 2.581343e+09 
2.270000e+02 2.588496e+09 
2.280000e+02 2.597405e+09 
2.290000e+02 2.601034e+09 
2.300000e+02 2.611612e+09 
2.310000e+02 2.627210e+09 
2.320000e+02 2.633847e+09 
2.330000e+02 2.645770e+09 
2.340000e+02 2.649626e+09 
2.350000e+02 2.660479e+09 
2.360000e+02 2.665775e+09 
2.370000e+02 2.672926e+09 
2.380000e+02 2.681217e+09 
2.390000e+02 2.689101e+09 
2.400000e+02 2.702869e+09 
2.410000e+02 2.725682e+09 
2.420000e+02 2.748438e+09 
2.430000e+02 2.752013e+09 
2.440000e+02 2.762767e+09 
2.450000e+02 2.783049e+09 
2.460000e+02 2.782626e+09 
2.470000e+02 2.794819e+09 
2.480000e+02 2.804950e+09 
2.490000e+02 2.809166e+09 
2.500000e+02 2.819946e+09 
2.510000e+02 2.831600e+09 
2.520000e+02 2.838299e+09 
2.530000e+02 2.842850e+09 
2.540000e+02 2.852574e+09 
2.550000e+02 2.867717e+09 
2.560000e+02 2.875836e+09 
2.570000e+02 2.891213e+09 
2.580000e+02 2.907255e+09 
2.590000e+02 2.920626e+09 
2.600000e+02 2.929408e+09 
2.610000e+02 2.944891e+09 
2.620000e+02 2.950399e+09 
2.630000e+02 2.959624e+09 
2.640000e+02 2.971173e+09 
2.650000e+02 2.999897e+09 
2.660000e+02 3.011957e+09 
2.670000e+02 3.022097e+09 
2.680000e+02 3.034887e+09 
2.690000e+02 3.045301e+09 
2.700000e+02 3.060259e+09 
2.710000e+02 3.072990e+09 
2.720000e+02 3.092477e+09 
2.730000e+02 3.100601e+09 
2.740000e+02 3.112710e+09 
2.750000e+02 3.121135e+09 
2.760000e+02 3.145176e+09 
2.770000e+02 3.180067e+09 
2.780000e+02 3.196197e+09 
2.790000e+02 3.210764e+09 
2.800000e+02 3.230531e+09 
2.810000e+02 3.242185e+09 
2.820000e+02 3.253669e+09 
2.830000e+02 3.267334e+09 
2.840000e+02 3.290438e+09 
2.850000e+02 3.305306e+09 
2.860000e+02 3.315605e+09 
2.870000e+02 3.336066e+09 
2.880000e+02 3.346023e+09 
2.890000e+02 3.370004e+09 
2.900000e+02 3.392776e+09 
2.910000e+02 3.413628e+09 
2.920000e+02 3.422485e+09 
2.930000e+02 3.447436e+09 
2.940000e+02 3.464108e+09 
2.950000e+02 3.479141e+09 
2.960000e+02 3.500457e+09 
2.970000e+02 3.521710e+09 
2.980000e+02 3.552647e+09 
2.990000e+02 3.579674e+09 
3.000000e+02 3.599345e+09 
3.010000e+02 3.609122e+09 
3.020000e+02 3.632113e+09 
3.030000e+02 3.662408e+09 
3.040000e+02 3.675615e+09 
3.050000e+02 3.678019e+09 
3.060000e+02 3.704064e+09 
3.070000e+02 3.710636e+09 
3.080000e+02 3.724405e+09 
3.090000e+02 3.738840e+09 
3.100000e+02 3.752632e+09 
3.110000e+02 3.774903e+09 
3.120000e+02 3.805488e+09 
3.130000e+02 3.834514e+09 
3.140000e+02 3.858854e+09 
3.150000e+02 3.876170e+09 
3.160000e+02 3.881818e+09 
3.170000e+02 3.886386e+09 
3.180000e+02 3.916973e+09 
3.190000e+02 3.938000e+09 
3.200000e+02 3.957717e+09 
3.210000e+02 3.967901e+09 
3.220000e+02 3.992792e+09 
3.230000e+02 4.016034e+09 
3.240000e+02 4.039223e+09 
3.250000e+02 4.055823e+09 
3.260000e+02 4.072912e+09 
3.270000e+02 4.090738e+09 
3.280000e+02 4.131844e+09 
3.290000e+02 4.151643e+09 
3.300000e+02 4.175332e+09 
3.310000e+02 4.177279e+09 
3.320000e+02 4.184116e+09 
3.330000e+02 4.209467e+09 
3.340000e+02 4.235393e+09 
3.350000e+02 4.268243e+09 
3.360000e+02 4.281862e+09 
3.370000e+02 4.291270e+09 
3.380000e+02 4.325814e+09 
3.390000e+02 4.349128e+09 
3.400000e+02 4.367892e+09 
3.410000e+02 4.396650e+09 
3.420000e+02 4.400178e+09 
3.430000e+02 4.422096e+09 
3.440000e+02 4.461968e+09 
3.450000e+02 4.493858e+09 
3.460000e+02 4.503091e+09 
3.470000e+02 4.510616e+09 
3.480000e+02 4.533004e+09 
3.490000e+02 4.561620e+09 
3.500000e+02 4.569745e+09 
3.510000e+02 4.595582e+09 
3.520000e+02 4.618056e+09 
3.530000e+02 4.651594e+09 
3.540000e+02 4.678458e+09 
3.550000e+02 4.686584e+09 
3.560000e+02 4.700749e+09 
3.570000e+02 4.713561e+09 
3.580000e+02 4.729636e+09 
3.590000e+02 4.769483e+09 
3.600000e+02 4.765857e+09 
3.610000e+02 4.783452e+09 
3.620000e+02 4.809992e+09 
3.630000e+02 4.843598e+09 
3.640000e+02 4.854696e+09 
3.650000e+02 4.899078e+09 
3.660000e+02 4.906974e+09 
3.670000e+02 4.910706e+09 
3.680000e+02 4.932338e+09 
3.690000e+02 4.975035e+09 
3.700000e+02 4.999105e+09 
3.710000e+02 5.018187e+09 
3.720000e+02 5.039709e+09 
3.730000e+02 5.068505e+09 
3.740000e+02 5.087803e+09 
3.750000e+02 5.121104e+09 
3.760000e+02 5.163835e+09 
3.770000e+02 5.188661e+09 
3.780000e+02 5.226741e+09 
3.790000e+02 5.261436e+09 
3.800000e+02 5.286233e+09 
3.810000e+02 5.319518e+09 
3.820000e+02 5.354942e+09 
3.830000e+02 5.382411e+09 
3.840000e+02 5.436063e+09 
3.850000e+02 5.467916e+09 
3.860000e+02 5.511687e+09 
3.870000e+02 5.556134e+09 
3.880000e+02 5.613924e+09 
3.890000e+02 5.666910e+09 
3.900000e+02 5.734627e+09 
3.910000e+02 5.787488e+09 
3.920000e+02 5.843609e+09 
3.930000e+02 5.908236e+09 
3.940000e+02 5.954210e+09 
3.950000e+02 6.038861e+09 
3.960000e+02 6.106577e+09 
3.970000e+02 6.163245e+09 
3.980000e+02 6.243030e+09 
3.990000e+02 6.301394e+09 
4.000000e+02 6.394178e+09 
4.010000e+02 6.492709e+09 
4.020000e+02 6.592553e+09 
4.030000e+02 6.718250e+09 
4.040000e+02 6.850228e+09 
4.050000e+02 7.003548e+09 
4.060000e+02 7.110779e+09 
4.070000e+02 7.248002e+09 
4.080000e+02 7.391304e+09 
4.090000e+02 7.583477e+09 
4.100000e+02 7.758812e+09 
4.110000e+02 7.991010e+09 
4.120000e+02 8.226314e+09 
4.130000e+02 8.426145e+09 
4.140000e+02 8.629220e+09 
4.150000e+02 8.964775e+09 
4.160000e+02 9.277761e+09 
4.170000e+02 9.628931e+09 
4.180000e+02 9.999440e+09 
4.190000e+02 1.047276e+10 
4.200000e+02 1.096507e+10 
4.210000e+02 1.145708e+10 
4.220000e+02 1.197581e+10 
4.230000e+02 1.272966e+10 
4.240000e+02 1.338637e+10 
4.250000e+02 1.404874e+10 
4.260000e+02 1.486633e+10 
4.270000e+02 1.559883e+10 
4.280000e+02 1.639737e+10 
4.290000e+02 1.732259e+10 
4.300000e+02 1.815111e+10 
4.310000e+02 1.889740e+10 
4.320000e+02 1.930871e+10 
4.330000e+02 1.973634e+10 
4.340000e+02 1.992291e+10 
4.350000e+02 1.967394e+10 
4.360000e+02 1.942223e+10 
4.370000e+02 1.895031e+10 
4.380000e+02 1.833725e+10 
4.390000e+02 1.750938e+10 
4.400000e+02 1.671472e+10 
4.410000e+02 1.584505e+10 
4.420000e+02 1.502402e+10 
4.430000e+02 1.422055e+10 
4.440000e+02 1.359461e+10 
4.450000e+02 1.292530e+10 
4.460000e+02 1.230518e+10 
4.470000e+02 1.179596e+10 
4.480000e+02 1.140195e+10 
4.490000e+02 1.090007e+10 
4.500000e+02 1.050810e+10 
4.510000e+02 1.020117e+10 
4.520000e+02 9.905999e+09 
4.530000e+02 9.608403e+09 
4.540000e+02 9.339975e+09 
4.550000e+02 9.123727e+09 
4.560000e+02 8.911113e+09 
4.570000e+02 8.702505e+09 
4.580000e+02 8.590549e+09 
4.590000e+02 8.439880e+09 
4.600000e+02 8.286032e+09 
4.610000e+02 8.191106e+09 
4.620000e+02 8.091445e+09 
4.630000e+02 7.986981e+09 
4.640000e+02 7.854344e+09 
4.650000e+02 7.772621e+09 
4.660000e+02 7.675298e+09 
4.670000e+02 7.611485e+09 
4.680000e+02 7.564422e+09 
4.690000e+02 7.493483e+09 
4.700000e+02 7.408345e+09 
4.710000e+02 7.376992e+09 
4.720000e+02 7.343240e+09 
4.730000e+02 7.274546e+09 
4.740000e+02 7.215446e+09 
4.750000e+02 7.199670e+09 
4.760000e+02 7.188142e+09 
4.770000e+02 7.128866e+09 
4.780000e+02 7.070572e+09 
4.790000e+02 7.049522e+09 
4.800000e+02 7.027388e+09 
4.810000e+02 7.004022e+09 
4.820000e+02 7.004846e+09 
4.830000e+02 6.963320e+09 
4.840000e+02 6.935740e+09 
4.850000e+02 6.906237e+09 
4.860000e+02 6.895724e+09 
4.870000e+02 6.864473e+09 
4.880000e+02 6.835378e+09 
4.890000e+02 6.829943e+09 
4.900000e+02 6.847062e+09 
4.910000e+02 6.836557e+09 
4.920000e+02 6.818550e+09 
4.930000e+02 6.798842e+09 
4.940000e+02 6.795360e+09 
4.950000e+02 6.783959e+09 
4.960000e+02 6.788068e+09 
4.970000e+02 6.775221e+09 
4.980000e+02 6.750566e+09 
4.990000e+02 6.762667e+09 
5.000000e+02 6.753341e+09 
5.010000e+02 6.753147e+09 
5.020000e+02 6.732203e+09 
5.030000e+02 6.732779e+09 
5.040000e+02 6.712200e+09 
5.050000e+02 6.702131e+09 
5.060000e+02 6.690158e+09 
5.070000e+02 6.682289e+09 
5.080000e+02 6.694480e+09 
5.090000e+02 6.697528e+09 
5.100000e+02 6.680269e+09 
5.110000e+02 6.676438e+09 
5.120000e+02 6.660411e+09 
5.130000e+02 6.646365e+09 
5.140000e+02 6.652368e+09 
5.150000e+02 6.657969e+09 
5.160000e+02 6.647063e+09 
5.170000e+02 6.634435e+09 
5.180000e+02 6.631432e+09 
5.190000e+02 6.607679e+09 
5.200000e+02 6.599064e+09 
5.210000e+02 6.593358e+09 
5.220000e+02 6.593054e+09 
5.230000e+02 6.572396e+09 
5.240000e+02 6.562261e+09 
5.250000e+02 6.554048e+09 
5.260000e+02 6.554997e+09 
5.270000e+02 6.548295e+09 
5.280000e+02 6.540159e+09 
5.290000e+02 6.520614e+09 
5.300000e+02 6.514061e+09 
5.310000e+02 6.517396e+09 
5.320000e+02 6.501713e+09 
5.330000e+02 6.489422e+09 
5.340000e+02 6.475368e+09 
5.350000e+02 6.464307e+09 
5.360000e+02 6.448442e+09 
5.370000e+02 6.447259e+09 
5.380000e+02 6.446184e+09 
5.390000e+02 6.465582e+09 
5.400000e+02 6.451296e+09 
5.410000e+02 6.421874e+09 
5.420000e+02 6.429206e+09 
5.430000e+02 6.423300e+09 
5.440000e+02 6.407313e+09 
5.450000e+02 6.388436e+09 
5.460000e+02 6.375908e+09 
5.470000e+02 6.367435e+09 
5.480000e+02 6.349649e+09 
5.490000e+02 6.333763e+09 
5.500000e+02 6.337399e+09 
5.510000e+02 6.314274e+09 
5.520000e+02 6.320689e+09 
5.530000e+02 6.295092e+09 
5.540000e+02 6.281911e+09 
5.550000e+02 6.263626e+09 
5.560000e+02 6.245493e+09 
5.570000e+02 6.237230e+09 
5.580000e+02 6.229248e+09 
5.590000e+02 6.209890e+09 
5.600000e+02 6.174851e+09 
5.610000e+02 6.162218e+09 
5.620000e+02 6.153977e+09 
5.630000e+02 6.153249e+09 
5.640000e+02 6.157704e+09 
5.650000e+02 6.126976e+09 
5.660000e+02 6.090224e+09 
5.670000e+02 6.071684e+09 
5.680000e+02 6.078286e+09 
5.690000e+02 6.058552e+09 
5.700000e+02 6.040334e+09 
5.710000e+02 6.025190e+09 
5.720000e+02 5.999129e+09 
5.730000e+02 5.987734e+09 
5.740000e+02 5.957841e+09 
5.750000e+02 5.930505e+09 
5.760000e+02 5.918688e+09 
5.770000e+02 5.924106e+09 
5.780000e+02 5.910547e+09 
5.790000e+02 5.881591e+09 
5.800000e+02 5.852100e+09 
5.810000e+02 5.843727e+09 
5.820000e+02 5.840525e+09 
5.830000e+02 5.829985e+09 
5.840000e+02 5.820781e+09 
5.850000e+02 5.821237e+09 
5.860000e+02 5.808548e+09 
5.870000e+02 5.794363e+09 
5.880000e+02 5.785007e+09 
5.890000e+02 5.751211e+09 
5.900000e+02 5.742089e+09 
5.910000e+02 5.735813e+09 
5.920000e+02 5.724389e+09 
5.930000e+02 5.724761e+09 
5.940000e+02 5.710496e+09 
5.950000e+02 5.709576e+09 
5.960000e+02 5.689303e+09 
5.970000e+02 5.682824e+09 
5.980000e+02 5.695062e+09 
5.990000e+02 5.690024e+09 
6.000000e+02 5.667046e+09 
6.010000e+02 5.661025e+09 
6.020000e+02 5.648702e+09 
6.030000e+02 5.655289e+09 
6.040000e+02 5.662195e+09 
6.050000e+02 5.658114e+09 
6.060000e+02 5.637402e+09 
6.070000e+02 5.637556e+09 
6.080000e+02 5.631383e+09 
6.090000e+02 5.620773e+09 
6.100000e+02 5.602225e+09 
6.110000e+02 5.597142e+09 
6.120000e+02 5.603961e+09 
6.130000e+02 5.583227e+09 
6.140000e+02 5.565695e+09 
6.150000e+02 5.567210e+09 
6.160000e+02 5.576240e+09 
6.170000e+02 5.573872e+09 
6.180000e+02 5.555280e+09 
6.190000e+02 5.536336e+09 
6.200000e+02 5.538942e+09 
6.210000e+02 5.525940e+09 
6.220000e+02 5.514494e+09 
6.230000e+02 5.514794e+09 
6.240000e+02 5.500234e+09 
6.250000e+02 5.498036e+09 
6.260000e+02 5.501639e+09 
6.270000e+02 5.493710e+09 
6.280000e+02 5.471696e+09 
6.290000e+02 5.467685e+09 
6.300000e+02 5.475115e+09 
6.310000e+02 5.474156e+09 
6.320000e+02 5.467753e+09 
6.330000e+02 5.453419e+09 
6.340000e+02 5.436803e+09 
6.350000e+02 5.428403e+09 
6.360000e+02 5.431236e+09 
6.370000e+02 5.429148e+09 
6.380000e+02 5.423278e+09 
6.390000e+02 5.430208e+09 
6.400000e+02 5.425874e+09 
6.410000e+02 5.408552e+09 
6.420000e+02 5.396459e+09 
6.430000e+02 5.382984e+09 
6.440000e+02 5.368088e+09 
6.450000e+02 5.357327e+09 
6.460000e+02 5.366980e+09 
6.470000e+02 5.358052e+09 
6.480000e+02 5.350373e+09 
6.490000e+02 5.347030e+09 
6.500000e+02 5.323600e+09 
6.510000e+02 5.325417e+09 
6.520000e+02 5.321985e+09 
6.530000e+02 5.312259e+09 
6.540000e+02 5.301115e+09 
6.550000e+02 5.286653e+09 
6.560000e+02 5.301167e+09 
6.570000e+02 5.308385e+09 
6.580000e+02 5.284568e+09 
6.590000e+02 5.269122e+09 
6.600000e+02 5.260847e+09 
6.610000e+02 5.249257e+09 
6.620000e+02 5.233419e+09 
6.630000e+02 5.219268e+09 
6.640000e+02 5.214254e+09 
6.650000e+02 5.204064e+09 
6.660000e+02 5.188897e+09 
6.670000e+02 5.172566e+09 
6.680000e+02 5.163208e+09 
6.690000e+02 5.160082e+09 
6.700000e+02 5.148903e+09 
6.710000e+02 5.138356e+09 
6.720000e+02 5.117438e+09 
6.730000e+02 5.118432e+09 
6.740000e+02 5.103065e+09 
6.750000e+02 5.100620e+09 
6.760000e+02 5.085411e+09 
6.770000e+02 5.082921e+09 
6.780000e+02 5.068778e+09 
6.790000e+02 5.059076e+09 
6.800000e+02 5.054014e+09 
6.810000e+02 5.030007e+09 
6.820000e+02 5.031835e+09 
6.830000e+02 5.022243e+09 
6.840000e+02 5.006729e+09 
6.850000e+02 4.989116e+09 
6.860000e+02 4.987410e+09 
6.870000e+02 4.976393e+09 
6.880000e+02 4.960700e+09 
6.890000e+02 4.939227e+09 
6.900000e+02 4.921567e+09 
6.910000e+02 4.920788e+09 
6.920000e+02 4.917969e+09 
6.930000e+02 4.888436e+09 
6.940000e+02 4.866622e+09 
6.950000e+02 4.852144e+09 
6.960000e+02 4.840080e+09 
6.970000e+02 4.817992e+09 
6.980000e+02 4.811781e+09 
6.990000e+02 4.818516e+09 
7.000000e+02 4.799834e+09 
7.010000e+02 4.785502e+09 
7.020000e+02 4.769555e+09 
7.030000e+02 4.763523e+09 
7.040000e+02 4.735253e+09 
7.050000e+02 4.715189e+09 
7.060000e+02 4.726128e+09 
7.070000e+02 4.714369e+09 
7.080000e+02 4.696987e+09 
7.090000e+02 4.676709e+09 
7.100000e+02 4.666507e+09 
7.110000e+02 4.661394e+09 
7.120000e+02 4.650541e+09 
7.130000e+02 4.631328e+09 
7.140000e+02 4.613553e+09 
7.150000e+02 4.597157e+09 
7.160000e+02 4.584844e+09 
7.170000e+02 4.581397e+09 
7.180000e+02 4.557124e+09 
7.190000e+02 4.541478e+09 
7.200000e+02 4.534595e+09 
7.210000e+02 4.523189e+09 
7.220000e+02 4.512699e+09 
7.230000e+02 4.498566e+09 
7.240000e+02 4.476842e+09 
7.250000e+02 4.454928e+09 
7.260000e+02 4.432055e+09 
7.270000e+02 4.422428e+09 
7.280000e+02 4.400679e+09 
7.290000e+02 4.380557e+09 
7.300000e+02 4.362514e+09 
7.310000e+02 4.337758e+09 
7.320000e+02 4.322594e+09 
7.330000e+02 4.304153e+09 
7.340000e+02 4.268795e+09 
7.350000e+02 4.254728e+09 
7.360000e+02 4.249382e+09 
7.370000e+02 4.225983e+09 
7.380000e+02 4.203516e+09 
7.390000e+02 4.191046e+09 
7.400000e+02 4.178244e+09 
7.410000e+02 4.171680e+09 
7.420000e+02 4.151315e+09 
7.430000e+02 4.129471e+09 
7.440000e+02 4.098002e+09 
7.450000e+02 4.086556e+09 
7.460000e+02 4.078262e+09 
7.470000e+02 4.057161e+09 
7.480000e+02 4.048518e+09 
7.490000e+02 4.030178e+09 
7.500000e+02 4.013321e+09 
7.510000e+02 4.007822e+09 
7.520000e+02 3.993101e+09 
7.530000e+02 3.981595e+09 
7.540000e+02 3.953050e+09 
7.550000e+02 3.942818e+09 
7.560000e+02 3.916947e+09 
7.570000e+02 3.896646e+09 
7.580000e+02 3.885515e+09 
7.590000e+02 3.865162e+09 
7.600000e+02 3.843509e+09 
7.610000e+02 3.831990e+09 
7.620000e+02 3.811185e+09 
7.630000e+02 3.794907e+09 
7.640000e+02 3.772774e+09 
7.650000e+02 3.760075e+09 
7.660000e+02 3.738529e+09 
7.670000e+02 3.718627e+09 
7.680000e+02 3.701405e+09 
7.690000e+02 3.693305e+09 
7.700000e+02 3.659831e+09 
7.710000e+02 3.638816e+09 
7.720000e+02 3.611996e+09 
7.730000e+02 3.594161e+09 
7.740000e+02 3.566522e+09 
7.750000e+02 3.543140e+09 
7.760000e+02 3.529863e+09 
7.770000e+02 3.511169e+09 
7.780000e+02 3.487150e+09 
7.790000e+02 3.463936e+09 
7.800000e+02 3.436249e+09 
7.810000e+02 3.417658e+09 
7.820000e+02 3.399553e+09 
7.830000e+02 3.385136e+09 
7.840000e+02 3.359418e+09 
7.850000e+02 3.350184e+09 
7.860000e+02 3.339824e+09 
7.870000e+02 3.310544e+09 
7.880000e+02 3.283848e+09 
7.890000e+02 3.258200e+09 
7.900000e+02 3.245917e+09 
7.910000e+02 3.232938e+09 
7.920000e+02 3.201917e+09 
7.930000e+02 3.171501e+09 
7.940000e+02 3.147563e+09 
7.950000e+02 3.126922e+09 
7.960000e+02 3.100515e+09 
7.970000e+02 3.079338e+09 
7.980000e+02 3.078870e+09 
7.990000e+02 3.083353e+09 
