0.000000e+00 0.000000e+00 
1.000000e+00 -5.470031e-08 
2.000000e+00 -2.276971e-08 
3.000000e+00 -3.266715e-08 
4.000000e+00 -2.220415e-08 
5.000000e+00 -1.503038e-08 
6.000000e+00 -2.550928e-08 
7.000000e+00 -1.701703e-08 
8.000000e+00 -5.568120e-09 
9.000000e+00 -8.940889e-09 
1.000000e+01 -2.086742e-08 
1.100000e+01 -2.254322e-08 
1.200000e+01 -8.500043e-09 
1.300000e+01 -1.340560e-08 
1.400000e+01 -2.259151e-08 
1.500000e+01 -1.390481e-08 
1.600000e+01 -1.396210e-08 
1.700000e+01 -1.345759e-08 
1.800000e+01 -8.523237e-09 
1.900000e+01 -7.252985e-09 
2.000000e+01 -2.412078e-09 
2.100000e+01 -1.256884e-08 
2.200000e+01 -2.096930e-08 
2.300000e+01 -2.102786e-08 
2.400000e+01 -1.444865e-08 
2.500000e+01 -1.321924e-08 
2.600000e+01 -1.770842e-08 
2.700000e+01 -1.734415e-08 
2.800000e+01 -1.167231e-08 
2.900000e+01 -1.848328e-09 
3.000000e+01 -2.905150e-08 
3.100000e+01 -1.429403e-08 
3.200000e+01 4.287483e-09 
3.300000e+01 -2.315238e-09 
3.400000e+01 -5.049433e-09 
3.500000e+01 -8.804955e-09 
3.600000e+01 -1.341591e-08 
3.700000e+01 -1.396350e-08 
3.800000e+01 -9.784225e-09 
3.900000e+01 -1.641510e-08 
4.000000e+01 -9.792309e-09 
4.100000e+01 -1.451540e-08 
4.200000e+01 -8.492742e-09 
4.300000e+01 -1.823834e-08 
4.400000e+01 -1.593147e-08 
4.500000e+01 -2.244043e-08 
4.600000e+01 -5.536520e-09 
4.700000e+01 -1.591845e-08 
4.800000e+01 -2.112907e-08 
4.900000e+01 -1.259722e-08 
5.000000e+01 -1.102246e-08 
5.100000e+01 -1.027046e-08 
5.200000e+01 -1.305293e-08 
5.300000e+01 -1.112954e-08 
5.400000e+01 -1.222541e-08 
5.500000e+01 -9.963369e-09 
5.600000e+01 -7.358125e-09 
5.700000e+01 -1.286439e-08 
5.800000e+01 -1.351811e-08 
5.900000e+01 -1.435210e-08 
6.000000e+01 -2.259783e-08 
6.100000e+01 -1.345648e-08 
6.200000e+01 -3.947996e-09 
6.300000e+01 -2.607058e-08 
6.400000e+01 -2.439251e-08 
6.500000e+01 -4.219181e-09 
6.600000e+01 -3.862865e-09 
6.700000e+01 -1.778480e-08 
6.800000e+01 -3.485494e-09 
6.900000e+01 -1.285227e-08 
7.000000e+01 -1.741172e-08 
7.100000e+01 -4.111495e-09 
7.200000e+01 -7.506815e-09 
7.300000e+01 -1.394955e-08 
7.400000e+01 -1.114509e-08 
7.500000e+01 -2.043537e-08 
7.600000e+01 -1.531061e-08 
7.700000e+01 -5.283356e-09 
7.800000e+01 -1.979992e-08 
7.900000e+01 -8.764295e-09 
8.000000e+01 1.072390e-09 
8.100000e+01 -1.272738e-08 
8.200000e+01 -1.861062e-08 
8.300000e+01 -1.015662e-08 
8.400000e+01 -1.817246e-08 
8.500000e+01 -1.678057e-08 
8.600000e+01 -8.647790e-09 
8.700000e+01 -1.556221e-08 
8.800000e+01 -6.487516e-09 
8.900000e+01 -1.014151e-08 
9.000000e+01 -1.502577e-08 
9.100000e+01 -1.895179e-08 
9.200000e+01 -8.430823e-09 
9.300000e+01 -7.816022e-09 
9.400000e+01 -1.160605e-08 
9.500000e+01 -1.631477e-08 
9.600000e+01 -9.870179e-09 
9.700000e+01 -1.655478e-08 
9.800000e+01 -1.799775e-08 
9.900000e+01 -1.770109e-08 
1.000000e+02 -1.182645e-08 
1.010000e+02 -1.514680e-08 
1.020000e+02 -6.786367e-09 
1.030000e+02 -1.301577e-08 
1.040000e+02 -1.006924e-08 
1.050000e+02 -9.315531e-09 
1.060000e+02 -1.408224e-08 
1.070000e+02 -1.727912e-08 
1.080000e+02 -1.462178e-08 
1.090000e+02 -1.172980e-08 
1.100000e+02 -8.784564e-09 
1.110000e+02 -1.665239e-08 
1.120000e+02 -1.319823e-08 
1.130000e+02 -1.174552e-08 
1.140000e+02 -1.278703e-08 
1.150000e+02 -1.825499e-08 
1.160000e+02 -1.462627e-08 
1.170000e+02 -8.997160e-09 
1.180000e+02 -1.329672e-08 
1.190000e+02 -1.308964e-08 
1.200000e+02 -1.258620e-08 
1.210000e+02 -1.378591e-08 
1.220000e+02 -1.307089e-08 
1.230000e+02 -1.971442e-08 
1.240000e+02 -7.736169e-09 
1.250000e+02 -1.176410e-08 
1.260000e+02 -1.433183e-08 
1.270000e+02 -9.069052e-09 
1.280000e+02 -7.104669e-09 
1.290000e+02 -1.239154e-08 
1.300000e+02 -1.038023e-08 
1.310000e+02 -1.256955e-08 
1.320000e+02 -1.250009e-08 
1.330000e+02 -1.510084e-08 
1.340000e+02 -2.362955e-09 
1.350000e+02 -1.433438e-08 
1.360000e+02 -9.548660e-09 
1.370000e+02 -1.173123e-08 
1.380000e+02 -1.464244e-08 
1.390000e+02 -1.009556e-08 
1.400000e+02 -1.354241e-08 
1.410000e+02 -1.269019e-08 
1.420000e+02 -1.285362e-08 
1.430000e+02 -1.212681e-08 
1.440000e+02 -1.032161e-08 
1.450000e+02 -7.096588e-09 
1.460000e+02 -1.221393e-08 
1.470000e+02 -2.837600e-09 
1.480000e+02 -1.038554e-08 
1.490000e+02 -1.725546e-08 
1.500000e+02 -1.484641e-08 
1.510000e+02 -1.302539e-08 
1.520000e+02 -8.349573e-09 
1.530000e+02 -1.397177e-08 
1.540000e+02 -1.668121e-08 
1.550000e+02 -7.876040e-09 
1.560000e+02 -7.670348e-09 
1.570000e+02 -4.344718e-09 
1.580000e+02 -1.255854e-08 
1.590000e+02 -6.159757e-09 
1.600000e+02 -5.579706e-09 
1.610000e+02 -8.140474e-09 
1.620000e+02 -1.968245e-08 
1.630000e+02 -1.226585e-08 
1.640000e+02 -1.390693e-08 
1.650000e+02 -1.474530e-08 
1.660000e+02 -4.424145e-09 
1.670000e+02 -1.675276e-08 
1.680000e+02 -1.297605e-08 
1.690000e+02 -1.140950e-08 
1.700000e+02 -9.665050e-09 
1.710000e+02 -9.859149e-09 
1.720000e+02 -3.805651e-09 
1.730000e+02 -1.139877e-08 
1.740000e+02 -1.721268e-08 
1.750000e+02 -9.656288e-09 
1.760000e+02 -1.393844e-08 
1.770000e+02 -6.004680e-09 
1.780000e+02 -9.766450e-09 
1.790000e+02 -4.183124e-09 
1.800000e+02 -9.129992e-09 
1.810000e+02 -9.827405e-09 
1.820000e+02 -1.253404e-08 
1.830000e+02 -1.578167e-08 
1.840000e+02 -1.276220e-08 
1.850000e+02 -6.698024e-09 
1.860000e+02 -1.219476e-08 
1.870000e+02 -1.192407e-08 
1.880000e+02 -6.433051e-09 
1.890000e+02 -2.812075e-09 
1.900000e+02 -1.167435e-08 
1.910000e+02 -1.228217e-08 
1.920000e+02 -4.320082e-09 
1.930000e+02 -8.287470e-09 
1.940000e+02 -8.646893e-09 
1.950000e+02 -2.042988e-09 
1.960000e+02 -1.273090e-08 
1.970000e+02 -1.406591e-08 
1.980000e+02 -1.242464e-08 
1.990000e+02 -6.655034e-09 
2.000000e+02 -5.469216e-09 
2.010000e+02 -1.060588e-08 
2.020000e+02 -3.926010e-09 
2.030000e+02 -6.603970e-09 
2.040000e+02 -2.068481e-09 
2.050000e+02 -1.098343e-08 
2.060000e+02 -5.031125e-09 
2.070000e+02 -5.475393e-09 
2.080000e+02 -9.805061e-09 
2.090000e+02 -1.075912e-08 
2.100000e+02 -1.254576e-08 
2.110000e+02 -2.093240e-09 
2.120000e+02 -7.287978e-09 
2.130000e+02 -1.256629e-08 
2.140000e+02 -1.337159e-08 
2.150000e+02 -6.413991e-09 
2.160000e+02 -1.119216e-08 
2.170000e+02 -9.398984e-09 
2.180000e+02 -6.837703e-09 
2.190000e+02 -1.463585e-08 
2.200000e+02 -1.362463e-08 
2.210000e+02 -1.000138e-08 
2.220000e+02 -7.486316e-09 
2.230000e+02 -1.490361e-08 
2.240000e+02 -4.596311e-09 
2.250000e+02 -3.031827e-09 
2.260000e+02 1.861728e-09 
2.270000e+02 -7.440451e-09 
2.280000e+02 -2.881367e-10 
2.290000e+02 -8.148472e-09 
2.300000e+02 -9.784899e-09 
2.310000e+02 -2.018562e-09 
2.320000e+02 -9.379012e-09 
2.330000e+02 -7.725817e-09 
2.340000e+02 -6.349093e-09 
2.350000e+02 -9.554234e-09 
2.360000e+02 -1.839151e-09 
2.370000e+02 -3.872958e-09 
2.380000e+02 -7.067987e-09 
2.390000e+02 -1.400458e-08 
2.400000e+02 -5.780055e-09 
2.410000e+02 -1.142353e-08 
2.420000e+02 -1.306474e-08 
2.430000e+02 -8.022626e-09 
2.440000e+02 -2.003531e-09 
2.450000e+02 -1.178995e-08 
2.460000e+02 -7.995216e-09 
2.470000e+02 -1.034578e-09 
2.480000e+02 -1.321815e-08 
2.490000e+02 2.801839e-10 
2.500000e+02 -6.528168e-09 
2.510000e+02 -6.968076e-09 
2.520000e+02 8.839539e-10 
2.530000e+02 -2.223057e-09 
2.540000e+02 -8.427182e-09 
2.550000e+02 -4.480830e-09 
2.560000e+02 -1.123281e-08 
2.570000e+02 -7.510494e-09 
2.580000e+02 -1.003584e-08 
2.590000e+02 -1.532897e-08 
2.600000e+02 -5.907783e-09 
2.610000e+02 -5.381769e-09 
2.620000e+02 -5.553253e-09 
2.630000e+02 -8.936113e-09 
2.640000e+02 -7.024893e-09 
2.650000e+02 -1.037334e-08 
2.660000e+02 -1.845708e-09 
2.670000e+02 -5.350939e-09 
2.680000e+02 -7.083078e-09 
2.690000e+02 -1.099157e-08 
2.700000e+02 -1.121106e-08 
2.710000e+02 -5.649078e-09 
2.720000e+02 -7.407402e-09 
2.730000e+02 -7.774978e-09 
2.740000e+02 -5.024570e-09 
2.750000e+02 -6.259299e-09 
2.760000e+02 -4.821821e-09 
2.770000e+02 -4.723830e-09 
2.780000e+02 -1.002333e-08 
2.790000e+02 -7.760397e-09 
2.800000e+02 -1.069960e-08 
2.810000e+02 -8.156451e-09 
2.820000e+02 -5.806273e-09 
2.830000e+02 -7.332237e-09 
2.840000e+02 -8.539127e-09 
2.850000e+02 -9.024822e-09 
2.860000e+02 -4.338450e-09 
2.870000e+02 -3.834166e-09 
2.880000e+02 -2.830331e-09 
2.890000e+02 -2.084440e-09 
2.900000e+02 -6.899758e-09 
2.910000e+02 -4.085495e-09 
2.920000e+02 -1.100872e-08 
2.930000e+02 -9.739357e-09 
2.940000e+02 -7.869617e-09 
2.950000e+02 -9.890262e-09 
2.960000e+02 -9.605289e-09 
2.970000e+02 -7.775071e-09 
2.980000e+02 -1.251846e-08 
2.990000e+02 -8.971815e-09 
3.000000e+02 -5.391572e-09 
3.010000e+02 -6.701389e-09 
3.020000e+02 -3.322472e-09 
3.030000e+02 -3.036808e-09 
3.040000e+02 -2.248594e-09 
3.050000e+02 -6.938739e-09 
3.060000e+02 -8.080461e-09 
3.070000e+02 -6.981784e-09 
3.080000e+02 -5.830036e-09 
3.090000e+02 -6.553932e-09 
3.100000e+02 -1.683751e-09 
3.110000e+02 -4.172724e-09 
3.120000e+02 -5.884476e-10 
3.130000e+02 -3.685122e-09 
3.140000e+02 -1.157218e-08 
3.150000e+02 -6.478507e-09 
3.160000e+02 -2.366421e-09 
3.170000e+02 -5.034057e-09 
3.180000e+02 1.904582e-09 
3.190000e+02 -2.551673e-09 
3.200000e+02 -2.289982e-09 
3.210000e+02 -2.044710e-09 
3.220000e+02 -4.981964e-10 
3.230000e+02 -4.704431e-09 
3.240000e+02 -3.885980e-09 
3.250000e+02 -5.828591e-09 
3.260000e+02 -4.887043e-09 
3.270000e+02 -6.577533e-09 
3.280000e+02 -5.605524e-09 
3.290000e+02 4.505970e-10 
3.300000e+02 -6.477919e-09 
3.310000e+02 -6.506208e-09 
3.320000e+02 -1.184839e-08 
3.330000e+02 -8.918821e-09 
3.340000e+02 -2.179944e-09 
3.350000e+02 -8.568636e-09 
3.360000e+02 -4.402333e-09 
3.370000e+02 3.847355e-09 
3.380000e+02 -6.125929e-10 
3.390000e+02 -3.638027e-09 
3.400000e+02 -2.707885e-09 
3.410000e+02 -5.206614e-09 
3.420000e+02 -9.453820e-09 
3.430000e+02 -7.020673e-09 
3.440000e+02 -8.211735e-09 
3.450000e+02 -9.251526e-09 
3.460000e+02 -6.654130e-09 
3.470000e+02 -5.086878e-09 
3.480000e+02 -7.480440e-09 
3.490000e+02 1.340055e-09 
3.500000e+02 4.884145e-09 
3.510000e+02 -2.120493e-09 
3.520000e+02 -4.635764e-09 
3.530000e+02 8.142445e-10 
3.540000e+02 -5.328354e-09 
3.550000e+02 -1.195302e-09 
3.560000e+02 -5.172522e-10 
3.570000e+02 7.808271e-10 
3.580000e+02 -9.022816e-10 
3.590000e+02 -2.466672e-09 
3.600000e+02 -2.699859e-10 
3.610000e+02 -5.778820e-09 
3.620000e+02 -4.110312e-09 
3.630000e+02 -1.622905e-09 
3.640000e+02 1.028073e-10 
3.650000e+02 -7.400111e-09 
3.660000e+02 1.073035e-09 
3.670000e+02 -3.564744e-09 
3.680000e+02 -3.868213e-09 
3.690000e+02 -5.964463e-09 
3.700000e+02 -1.011691e-08 
3.710000e+02 -1.541775e-09 
3.720000e+02 -6.657534e-09 
3.730000e+02 -2.467512e-09 
3.740000e+02 -1.347869e-09 
3.750000e+02 1.006910e-10 
3.760000e+02 -4.461303e-10 
3.770000e+02 1.103480e-09 
3.780000e+02 -8.709919e-09 
3.790000e+02 -4.083942e-09 
3.800000e+02 1.698698e-09 
3.810000e+02 -6.483239e-09 
3.820000e+02 -3.768740e-09 
3.830000e+02 1.676469e-09 
3.840000e+02 -2.222106e-09 
3.850000e+02 -3.651944e-09 
3.860000e+02 -2.039942e-09 
3.870000e+02 -5.435789e-09 
3.880000e+02 -5.265745e-09 
3.890000e+02 2.943119e-09 
3.900000e+02 2.328176e-09 
3.910000e+02 1.319464e-09 
3.920000e+02 4.034791e-09 
3.930000e+02 5.103481e-09 
3.940000e+02 -8.607246e-09 
3.950000e+02 -4.545121e-09 
3.960000e+02 -2.663605e-09 
3.970000e+02 -2.711703e-09 
3.980000e+02 1.713720e-09 
3.990000e+02 -9.492082e-10 
4.000000e+02 7.777326e-10 
4.010000e+02 2.562941e-09 
4.020000e+02 1.973434e-09 
4.030000e+02 1.495687e-09 
4.040000e+02 1.886143e-10 
4.050000e+02 4.565354e-09 
4.060000e+02 4.352964e-10 
4.070000e+02 -3.064273e-09 
4.080000e+02 -3.757325e-09 
4.090000e+02 -9.119182e-10 
4.100000e+02 -4.147757e-10 
4.110000e+02 -8.017307e-09 
4.120000e+02 -6.181588e-09 
4.130000e+02 -8.048665e-11 
4.140000e+02 -2.304473e-09 
4.150000e+02 2.053715e-09 
4.160000e+02 -1.356934e-09 
4.170000e+02 6.426708e-09 
4.180000e+02 8.226762e-10 
4.190000e+02 3.748030e-09 
4.200000e+02 2.715709e-09 
4.210000e+02 -4.178356e-09 
4.220000e+02 -3.551582e-10 
4.230000e+02 -3.461039e-10 
4.240000e+02 -1.613384e-09 
4.250000e+02 3.236824e-09 
4.260000e+02 1.587662e-10 
4.270000e+02 -1.757776e-10 
4.280000e+02 1.178242e-09 
4.290000e+02 -1.718636e-09 
4.300000e+02 5.317091e-09 
4.310000e+02 -7.352965e-10 
4.320000e+02 7.856242e-10 
4.330000e+02 4.806545e-09 
4.340000e+02 -7.681914e-09 
4.350000e+02 5.222163e-10 
4.360000e+02 2.507304e-09 
4.370000e+02 -5.027418e-09 
4.380000e+02 -4.233731e-09 
4.390000e+02 -3.495546e-09 
4.400000e+02 3.312475e-09 
4.410000e+02 -3.221676e-09 
4.420000e+02 -1.837858e-09 
4.430000e+02 4.932717e-10 
4.440000e+02 3.501185e-09 
4.450000e+02 -1.786934e-09 
4.460000e+02 6.368275e-10 
4.470000e+02 3.393202e-09 
4.480000e+02 -5.099132e-10 
4.490000e+02 4.683820e-09 
4.500000e+02 1.397221e-09 
4.510000e+02 1.637020e-09 
4.520000e+02 -9.187745e-10 
4.530000e+02 1.883672e-09 
4.540000e+02 3.379044e-10 
4.550000e+02 -4.181756e-10 
4.560000e+02 1.654844e-09 
4.570000e+02 5.046775e-10 
4.580000e+02 -4.677814e-10 
4.590000e+02 2.801470e-09 
4.600000e+02 4.018575e-09 
4.610000e+02 -1.132171e-10 
4.620000e+02 2.640535e-09 
4.630000e+02 3.893182e-09 
4.640000e+02 1.224291e-09 
4.650000e+02 -2.632178e-09 
4.660000e+02 2.520014e-09 
4.670000e+02 6.558525e-09 
4.680000e+02 4.156577e-09 
4.690000e+02 5.321899e-10 
4.700000e+02 -1.499033e-09 
4.710000e+02 -2.702102e-09 
4.720000e+02 4.020934e-09 
4.730000e+02 2.129156e-09 
4.740000e+02 3.332649e-09 
4.750000e+02 2.244892e-09 
4.760000e+02 2.943039e-09 
4.770000e+02 1.718556e-09 
4.780000e+02 4.392336e-09 
4.790000e+02 2.690976e-09 
4.800000e+02 4.166453e-09 
4.810000e+02 6.715310e-09 
4.820000e+02 6.840495e-09 
4.830000e+02 3.120101e-09 
4.840000e+02 4.916408e-09 
4.850000e+02 2.882019e-09 
4.860000e+02 7.088209e-09 
4.870000e+02 9.141900e-09 
4.880000e+02 7.629931e-09 
4.890000e+02 5.141526e-09 
4.900000e+02 7.028051e-09 
4.910000e+02 4.850684e-10 
4.920000e+02 6.200426e-09 
4.930000e+02 9.012761e-09 
4.940000e+02 2.620569e-09 
4.950000e+02 4.145690e-09 
4.960000e+02 2.201269e-09 
4.970000e+02 6.545847e-09 
4.980000e+02 2.120567e-09 
4.990000e+02 2.384069e-09 
5.000000e+02 9.204315e-09 
5.010000e+02 9.010485e-10 
5.020000e+02 1.651081e-09 
5.030000e+02 6.264020e-09 
5.040000e+02 5.592491e-09 
5.050000e+02 3.174947e-09 
5.060000e+02 2.007925e-09 
5.070000e+02 6.000323e-09 
5.080000e+02 9.973094e-09 
5.090000e+02 1.066668e-08 
5.100000e+02 2.307805e-09 
5.110000e+02 6.011540e-11 
5.120000e+02 5.747438e-09 
5.130000e+02 2.239608e-09 
5.140000e+02 7.158888e-09 
5.150000e+02 4.839031e-09 
5.160000e+02 1.279187e-09 
5.170000e+02 -9.772777e-11 
5.180000e+02 8.165024e-09 
5.190000e+02 6.211605e-09 
5.200000e+02 1.141291e-08 
5.210000e+02 5.804121e-09 
5.220000e+02 1.101177e-08 
5.230000e+02 5.070931e-09 
5.240000e+02 6.515861e-09 
5.250000e+02 5.615723e-09 
5.260000e+02 7.851009e-09 
5.270000e+02 1.230405e-08 
5.280000e+02 3.125813e-09 
5.290000e+02 3.958845e-09 
5.300000e+02 5.416630e-09 
5.310000e+02 4.147652e-09 
5.320000e+02 5.320924e-09 
5.330000e+02 4.237514e-09 
5.340000e+02 5.324407e-09 
5.350000e+02 7.215353e-09 
5.360000e+02 4.695698e-09 
5.370000e+02 3.699937e-09 
5.380000e+02 1.036379e-08 
5.390000e+02 6.479616e-09 
5.400000e+02 5.206696e-09 
5.410000e+02 2.159426e-09 
5.420000e+02 3.577587e-09 
5.430000e+02 1.090203e-08 
5.440000e+02 5.587420e-09 
5.450000e+02 2.036445e-09 
5.460000e+02 9.449733e-09 
5.470000e+02 8.056693e-09 
5.480000e+02 1.166547e-09 
5.490000e+02 5.950791e-09 
5.500000e+02 6.543853e-09 
5.510000e+02 8.072557e-09 
5.520000e+02 5.011550e-09 
5.530000e+02 7.544244e-09 
5.540000e+02 9.724192e-09 
5.550000e+02 2.428070e-09 
5.560000e+02 4.240400e-09 
5.570000e+02 7.367559e-09 
5.580000e+02 6.346544e-09 
5.590000e+02 5.088472e-09 
5.600000e+02 5.749848e-09 
5.610000e+02 5.302325e-09 
5.620000e+02 7.767573e-09 
5.630000e+02 8.215674e-09 
5.640000e+02 8.290368e-09 
5.650000e+02 1.051281e-08 
5.660000e+02 6.529525e-09 
5.670000e+02 1.006527e-08 
5.680000e+02 1.401349e-08 
5.690000e+02 1.046612e-08 
5.700000e+02 1.109080e-08 
5.710000e+02 5.214097e-09 
5.720000e+02 6.102438e-09 
5.730000e+02 9.447612e-09 
5.740000e+02 8.562091e-09 
5.750000e+02 8.888525e-09 
5.760000e+02 5.973087e-09 
5.770000e+02 1.002017e-08 
5.780000e+02 8.269692e-09 
5.790000e+02 8.375235e-09 
5.800000e+02 7.366519e-09 
5.810000e+02 5.702752e-09 
5.820000e+02 6.037794e-09 
5.830000e+02 9.341765e-09 
5.840000e+02 4.055895e-09 
5.850000e+02 7.187504e-09 
5.860000e+02 9.637797e-09 
5.870000e+02 1.322297e-08 
5.880000e+02 8.499697e-09 
5.890000e+02 9.676581e-09 
5.900000e+02 9.985718e-09 
5.910000e+02 1.175669e-08 
5.920000e+02 5.444142e-09 
5.930000e+02 6.417977e-09 
5.940000e+02 4.424338e-09 
5.950000e+02 1.028498e-08 
5.960000e+02 1.463742e-08 
5.970000e+02 5.074397e-09 
5.980000e+02 7.312809e-09 
5.990000e+02 1.485863e-08 
6.000000e+02 1.503818e-08 
6.010000e+02 1.189998e-08 
6.020000e+02 6.956131e-09 
6.030000e+02 9.532975e-09 
6.040000e+02 6.059092e-09 
6.050000e+02 1.038199e-08 
6.060000e+02 1.073363e-08 
6.070000e+02 1.287240e-08 
6.080000e+02 1.046723e-08 
6.090000e+02 5.613515e-09 
6.100000e+02 7.945567e-09 
6.110000e+02 8.540676e-09 
6.120000e+02 1.152511e-08 
6.130000e+02 4.427160e-09 
6.140000e+02 1.271793e-08 
6.150000e+02 9.546883e-09 
6.160000e+02 4.010982e-09 
6.170000e+02 8.738901e-09 
6.180000e+02 6.538489e-09 
6.190000e+02 1.131488e-08 
6.200000e+02 1.291184e-08 
6.210000e+02 1.219096e-08 
6.220000e+02 1.078715e-08 
6.230000e+02 3.355569e-09 
6.240000e+02 5.229371e-09 
6.250000e+02 6.292907e-09 
6.260000e+02 6.479639e-09 
6.270000e+02 1.026391e-08 
6.280000e+02 9.023132e-09 
6.290000e+02 6.830858e-09 
6.300000e+02 1.097990e-08 
6.310000e+02 7.257231e-09 
6.320000e+02 9.857463e-09 
6.330000e+02 1.098210e-08 
6.340000e+02 1.026578e-08 
6.350000e+02 1.605284e-08 
6.360000e+02 9.757277e-09 
6.370000e+02 1.568862e-08 
6.380000e+02 9.504235e-09 
6.390000e+02 1.140322e-08 
6.400000e+02 1.555582e-08 
6.410000e+02 1.488659e-08 
6.420000e+02 1.122950e-08 
6.430000e+02 1.313164e-08 
6.440000e+02 1.233862e-08 
6.450000e+02 1.497195e-08 
6.460000e+02 9.502790e-09 
6.470000e+02 1.083292e-08 
6.480000e+02 9.770980e-09 
6.490000e+02 1.480179e-08 
6.500000e+02 7.637581e-09 
6.510000e+02 1.426823e-08 
6.520000e+02 1.844011e-08 
6.530000e+02 1.453784e-08 
6.540000e+02 1.652956e-08 
6.550000e+02 1.132965e-08 
6.560000e+02 1.409804e-08 
6.570000e+02 1.136882e-08 
6.580000e+02 1.392338e-08 
6.590000e+02 1.207655e-08 
6.600000e+02 1.382718e-08 
6.610000e+02 9.762537e-09 
6.620000e+02 1.368207e-08 
6.630000e+02 1.344838e-08 
6.640000e+02 1.153144e-08 
6.650000e+02 1.126839e-08 
6.660000e+02 1.373720e-08 
6.670000e+02 1.408181e-08 
6.680000e+02 1.251246e-08 
6.690000e+02 1.183800e-08 
6.700000e+02 1.333833e-08 
6.710000e+02 1.488809e-08 
6.720000e+02 1.335913e-08 
6.730000e+02 1.457719e-08 
6.740000e+02 1.452411e-08 
6.750000e+02 1.541106e-08 
6.760000e+02 1.510959e-08 
6.770000e+02 1.510612e-08 
6.780000e+02 1.671331e-08 
6.790000e+02 1.433632e-08 
6.800000e+02 1.605902e-08 
6.810000e+02 1.075655e-08 
6.820000e+02 1.274431e-08 
6.830000e+02 1.483355e-08 
6.840000e+02 1.562108e-08 
6.850000e+02 1.662621e-08 
6.860000e+02 1.416815e-08 
6.870000e+02 1.462759e-08 
6.880000e+02 1.305404e-08 
6.890000e+02 2.021008e-08 
6.900000e+02 1.880401e-08 
6.910000e+02 1.641881e-08 
6.920000e+02 1.595176e-08 
6.930000e+02 1.259690e-08 
6.940000e+02 9.822952e-09 
6.950000e+02 1.166694e-08 
6.960000e+02 1.704233e-08 
6.970000e+02 1.297552e-08 
6.980000e+02 1.247894e-08 
6.990000e+02 1.508991e-08 
7.000000e+02 1.732105e-08 
7.010000e+02 1.943854e-08 
7.020000e+02 2.073441e-08 
7.030000e+02 1.644825e-08 
7.040000e+02 1.991280e-08 
7.050000e+02 1.336346e-08 
7.060000e+02 1.414709e-08 
7.070000e+02 2.021966e-08 
7.080000e+02 1.602953e-08 
7.090000e+02 1.722424e-08 
7.100000e+02 1.676961e-08 
7.110000e+02 1.933523e-08 
7.120000e+02 1.426932e-08 
7.130000e+02 1.831960e-08 
7.140000e+02 1.920232e-08 
7.150000e+02 1.216749e-08 
7.160000e+02 1.164285e-08 
7.170000e+02 1.539850e-08 
7.180000e+02 1.608037e-08 
7.190000e+02 1.786315e-08 
7.200000e+02 1.694296e-08 
7.210000e+02 1.462765e-08 
7.220000e+02 1.424926e-08 
7.230000e+02 1.012278e-08 
7.240000e+02 1.579276e-08 
7.250000e+02 1.350133e-08 
7.260000e+02 1.935717e-08 
7.270000e+02 1.362427e-08 
7.280000e+02 1.913162e-08 
7.290000e+02 1.729587e-08 
7.300000e+02 1.144230e-08 
7.310000e+02 1.296219e-08 
7.320000e+02 1.404433e-08 
7.330000e+02 1.416890e-08 
7.340000e+02 1.918700e-08 
7.350000e+02 1.449429e-08 
7.360000e+02 1.106482e-08 
7.370000e+02 1.828185e-08 
7.380000e+02 1.707277e-08 
7.390000e+02 1.597848e-08 
7.400000e+02 1.763110e-08 
7.410000e+02 1.107822e-08 
7.420000e+02 1.925307e-08 
7.430000e+02 1.430577e-08 
7.440000e+02 1.641471e-08 
7.450000e+02 1.402370e-08 
7.460000e+02 1.719549e-08 
7.470000e+02 1.695267e-08 
7.480000e+02 1.657964e-08 
7.490000e+02 1.583471e-08 
7.500000e+02 1.820756e-08 
7.510000e+02 2.551236e-08 
7.520000e+02 2.031485e-08 
7.530000e+02 1.731090e-08 
7.540000e+02 2.209309e-08 
7.550000e+02 1.777355e-08 
7.560000e+02 1.826161e-08 
7.570000e+02 1.618354e-08 
7.580000e+02 1.836825e-08 
7.590000e+02 1.927315e-08 
7.600000e+02 2.153137e-08 
7.610000e+02 1.694827e-08 
7.620000e+02 1.559117e-08 
7.630000e+02 2.268346e-08 
7.640000e+02 2.145348e-08 
7.650000e+02 1.623706e-08 
7.660000e+02 1.783609e-08 
7.670000e+02 2.229991e-08 
7.680000e+02 1.849416e-08 
7.690000e+02 2.150013e-08 
7.700000e+02 1.917292e-08 
7.710000e+02 2.743486e-08 
7.720000e+02 1.831933e-08 
7.730000e+02 2.515913e-08 
7.740000e+02 1.768943e-08 
7.750000e+02 1.701232e-08 
7.760000e+02 2.034879e-08 
7.770000e+02 2.495705e-08 
7.780000e+02 1.183735e-08 
7.790000e+02 2.271620e-08 
7.800000e+02 2.597008e-08 
7.810000e+02 2.678306e-08 
7.820000e+02 2.569242e-08 
7.830000e+02 1.707694e-08 
7.840000e+02 1.878329e-08 
7.850000e+02 1.797707e-08 
7.860000e+02 2.084651e-08 
7.870000e+02 1.992952e-08 
7.880000e+02 2.150007e-08 
7.890000e+02 2.164987e-08 
7.900000e+02 2.129137e-08 
7.910000e+02 1.498957e-08 
7.920000e+02 1.597635e-08 
7.930000e+02 2.337989e-08 
7.940000e+02 2.699589e-08 
7.950000e+02 3.373343e-08 
7.960000e+02 2.957779e-08 
7.970000e+02 3.831354e-08 
7.980000e+02 4.695989e-08 
7.990000e+02 0.000000e+00 
