0.000000e+00 0.000000e+00 
1.000000e+00 -3.205303e-05 
2.000000e+00 -6.013096e-05 
3.000000e+00 -7.127420e-05 
4.000000e+00 -8.129352e-05 
5.000000e+00 -8.817733e-05 
6.000000e+00 -7.236635e-05 
7.000000e+00 -1.106138e-04 
8.000000e+00 -9.016396e-05 
9.000000e+00 -1.006474e-04 
1.000000e+01 -9.612838e-05 
1.100000e+01 -7.332629e-05 
1.200000e+01 -1.487173e-04 
1.300000e+01 -1.320233e-04 
1.400000e+01 -1.134835e-04 
1.500000e+01 -1.285223e-04 
1.600000e+01 -1.286456e-04 
1.700000e+01 -1.516081e-04 
1.800000e+01 -1.391810e-04 
1.900000e+01 -1.177676e-04 
2.000000e+01 -1.285476e-04 
2.100000e+01 -1.412501e-04 
2.200000e+01 -1.595351e-04 
2.300000e+01 -1.580120e-04 
2.400000e+01 -1.711173e-04 
2.500000e+01 -1.583663e-04 
2.600000e+01 -2.146343e-04 
2.700000e+01 -1.881004e-04 
2.800000e+01 -2.370874e-04 
2.900000e+01 -2.145689e-04 
3.000000e+01 -1.721823e-04 
3.100000e+01 -1.740947e-04 
3.200000e+01 -2.190842e-04 
3.300000e+01 -1.819136e-04 
3.400000e+01 -2.241228e-04 
3.500000e+01 -2.182515e-04 
3.600000e+01 -2.377622e-04 
3.700000e+01 -2.201266e-04 
3.800000e+01 -2.444666e-04 
3.900000e+01 -2.722980e-04 
4.000000e+01 -2.187969e-04 
4.100000e+01 -3.012705e-04 
4.200000e+01 -2.456244e-04 
4.300000e+01 -2.415626e-04 
4.400000e+01 -2.795259e-04 
4.500000e+01 -2.719485e-04 
4.600000e+01 -2.398614e-04 
4.700000e+01 -2.847327e-04 
4.800000e+01 -2.951782e-04 
4.900000e+01 -2.635685e-04 
5.000000e+01 -3.026502e-04 
5.100000e+01 -2.554861e-04 
5.200000e+01 -2.544942e-04 
5.300000e+01 -2.495628e-04 
5.400000e+01 -2.755552e-04 
5.500000e+01 -2.603068e-04 
5.600000e+01 -2.832008e-04 
5.700000e+01 -3.079381e-04 
5.800000e+01 -2.757491e-04 
5.900000e+01 -2.854745e-04 
6.000000e+01 -2.673809e-04 
6.100000e+01 -3.168065e-04 
6.200000e+01 -2.851695e-04 
6.300000e+01 -2.346849e-04 
6.400000e+01 -3.267551e-04 
6.500000e+01 -2.885635e-04 
6.600000e+01 -3.059145e-04 
6.700000e+01 -2.788943e-04 
6.800000e+01 -3.069180e-04 
6.900000e+01 -2.862189e-04 
7.000000e+01 -3.015151e-04 
7.100000e+01 -2.965176e-04 
7.200000e+01 -2.948081e-04 
7.300000e+01 -2.876222e-04 
7.400000e+01 -3.177541e-04 
7.500000e+01 -3.170650e-04 
7.600000e+01 -2.831415e-04 
7.700000e+01 -3.330056e-04 
7.800000e+01 -2.668892e-04 
7.900000e+01 -3.051704e-04 
8.000000e+01 -2.975777e-04 
8.100000e+01 -3.255107e-04 
8.200000e+01 -2.894754e-04 
8.300000e+01 -2.900454e-04 
8.400000e+01 -3.068985e-04 
8.500000e+01 -3.437085e-04 
8.600000e+01 -2.905670e-04 
8.700000e+01 -3.034296e-04 
8.800000e+01 -3.225170e-04 
8.900000e+01 -3.264540e-04 
9.000000e+01 -3.231889e-04 
9.100000e+01 -3.103172e-04 
9.200000e+01 -2.617252e-04 
9.300000e+01 -3.054085e-04 
9.400000e+01 -2.933774e-04 
9.500000e+01 -3.586638e-04 
9.600000e+01 -2.889995e-04 
9.700000e+01 -3.013357e-04 
9.800000e+01 -3.278388e-04 
9.900000e+01 -2.752615e-04 
1.000000e+02 -2.676103e-04 
1.010000e+02 -2.375519e-04 
1.020000e+02 -3.149944e-04 
1.030000e+02 -3.071583e-04 
1.040000e+02 -3.356014e-04 
1.050000e+02 -2.947523e-04 
1.060000e+02 -2.697599e-04 
1.070000e+02 -3.423560e-04 
1.080000e+02 -2.650515e-04 
1.090000e+02 -2.881020e-04 
1.100000e+02 -2.472082e-04 
1.110000e+02 -2.956534e-04 
1.120000e+02 -2.622276e-04 
1.130000e+02 -2.520467e-04 
1.140000e+02 -2.940729e-04 
1.150000e+02 -2.926306e-04 
1.160000e+02 -2.544844e-04 
1.170000e+02 -2.976455e-04 
1.180000e+02 -2.676368e-04 
1.190000e+02 -2.608919e-04 
1.200000e+02 -2.663164e-04 
1.210000e+02 -2.646237e-04 
1.220000e+02 -2.795389e-04 
1.230000e+02 -2.330114e-04 
1.240000e+02 -2.661258e-04 
1.250000e+02 -2.614004e-04 
1.260000e+02 -2.759990e-04 
1.270000e+02 -2.663503e-04 
1.280000e+02 -2.620130e-04 
1.290000e+02 -2.543604e-04 
1.300000e+02 -2.662363e-04 
1.310000e+02 -2.588481e-04 
1.320000e+02 -2.620728e-04 
1.330000e+02 -2.368693e-04 
1.340000e+02 -2.437703e-04 
1.350000e+02 -2.514153e-04 
1.360000e+02 -2.444710e-04 
1.370000e+02 -2.361450e-04 
1.380000e+02 -2.254713e-04 
1.390000e+02 -2.585114e-04 
1.400000e+02 -2.055145e-04 
1.410000e+02 -2.350001e-04 
1.420000e+02 -2.461391e-04 
1.430000e+02 -2.189407e-04 
1.440000e+02 -1.955432e-04 
1.450000e+02 -2.348336e-04 
1.460000e+02 -2.253248e-04 
1.470000e+02 -2.148833e-04 
1.480000e+02 -2.379382e-04 
1.490000e+02 -2.497491e-04 
1.500000e+02 -2.557121e-04 
1.510000e+02 -2.391075e-04 
1.520000e+02 -2.508439e-04 
1.530000e+02 -2.071129e-04 
1.540000e+02 -2.324037e-04 
1.550000e+02 -2.410538e-04 
1.560000e+02 -2.391612e-04 
1.570000e+02 -2.593453e-04 
1.580000e+02 -2.244183e-04 
1.590000e+02 -2.378436e-04 
1.600000e+02 -2.496420e-04 
1.610000e+02 -2.596218e-04 
1.620000e+02 -2.084371e-04 
1.630000e+02 -2.121100e-04 
1.640000e+02 -2.511689e-04 
1.650000e+02 -2.342623e-04 
1.660000e+02 -2.205320e-04 
1.670000e+02 -2.402005e-04 
1.680000e+02 -2.399050e-04 
1.690000e+02 -2.543273e-04 
1.700000e+02 -2.467155e-04 
1.710000e+02 -2.334774e-04 
1.720000e+02 -2.341804e-04 
1.730000e+02 -2.290499e-04 
1.740000e+02 -2.564438e-04 
1.750000e+02 -2.512709e-04 
1.760000e+02 -2.498009e-04 
1.770000e+02 -2.331263e-04 
1.780000e+02 -2.247627e-04 
1.790000e+02 -2.111043e-04 
1.800000e+02 -2.126444e-04 
1.810000e+02 -2.251289e-04 
1.820000e+02 -1.995935e-04 
1.830000e+02 -2.396357e-04 
1.840000e+02 -2.435603e-04 
1.850000e+02 -1.958020e-04 
1.860000e+02 -2.306197e-04 
1.870000e+02 -2.418803e-04 
1.880000e+02 -2.423318e-04 
1.890000e+02 -2.405334e-04 
1.900000e+02 -2.285072e-04 
1.910000e+02 -2.087289e-04 
1.920000e+02 -2.086457e-04 
1.930000e+02 -2.417544e-04 
1.940000e+02 -2.425100e-04 
1.950000e+02 -2.163156e-04 
1.960000e+02 -2.250971e-04 
1.970000e+02 -1.995601e-04 
1.980000e+02 -2.000733e-04 
1.990000e+02 -2.107735e-04 
2.000000e+02 -1.937796e-04 
2.010000e+02 -2.140048e-04 
2.020000e+02 -1.933423e-04 
2.030000e+02 -1.982417e-04 
2.040000e+02 -1.993975e-04 
2.050000e+02 -1.974712e-04 
2.060000e+02 -1.984079e-04 
2.070000e+02 -2.134597e-04 
2.080000e+02 -2.464533e-04 
2.090000e+02 -1.919705e-04 
2.100000e+02 -1.929652e-04 
2.110000e+02 -1.738475e-04 
2.120000e+02 -2.141057e-04 
2.130000e+02 -1.959005e-04 
2.140000e+02 -1.903838e-04 
2.150000e+02 -2.041155e-04 
2.160000e+02 -1.944596e-04 
2.170000e+02 -1.915117e-04 
2.180000e+02 -2.025296e-04 
2.190000e+02 -1.683852e-04 
2.200000e+02 -1.807512e-04 
2.210000e+02 -1.770756e-04 
2.220000e+02 -2.167166e-04 
2.230000e+02 -1.788063e-04 
2.240000e+02 -1.803998e-04 
2.250000e+02 -1.758696e-04 
2.260000e+02 -1.747443e-04 
2.270000e+02 -1.537195e-04 
2.280000e+02 -1.741878e-04 
2.290000e+02 -1.657214e-04 
2.300000e+02 -1.597910e-04 
2.310000e+02 -1.565993e-04 
2.320000e+02 -1.592084e-04 
2.330000e+02 -1.525689e-04 
2.340000e+02 -1.631184e-04 
2.350000e+02 -1.609361e-04 
2.360000e+02 -1.572105e-04 
2.370000e+02 -1.815386e-04 
2.380000e+02 -1.772121e-04 
2.390000e+02 -1.692576e-04 
2.400000e+02 -1.397511e-04 
2.410000e+02 -1.624141e-04 
2.420000e+02 -1.554091e-04 
2.430000e+02 -1.353624e-04 
2.440000e+02 -1.694668e-04 
2.450000e+02 -1.552813e-04 
2.460000e+02 -1.365634e-04 
2.470000e+02 -1.414708e-04 
2.480000e+02 -1.487257e-04 
2.490000e+02 -1.449269e-04 
2.500000e+02 -1.544521e-04 
2.510000e+02 -1.460776e-04 
2.520000e+02 -1.420815e-04 
2.530000e+02 -1.358666e-04 
2.540000e+02 -1.690701e-04 
2.550000e+02 -1.171923e-04 
2.560000e+02 -1.476342e-04 
2.570000e+02 -1.229952e-04 
2.580000e+02 -1.181242e-04 
2.590000e+02 -1.400350e-04 
2.600000e+02 -1.210201e-04 
2.610000e+02 -1.238517e-04 
2.620000e+02 -1.374503e-04 
2.630000e+02 -1.293582e-04 
2.640000e+02 -1.199386e-04 
2.650000e+02 -1.283387e-04 
2.660000e+02 -1.410943e-04 
2.670000e+02 -1.112890e-04 
2.680000e+02 -1.288741e-04 
2.690000e+02 -1.027050e-04 
2.700000e+02 -8.757065e-05 
2.710000e+02 -8.669719e-05 
2.720000e+02 -1.028849e-04 
2.730000e+02 -9.920775e-05 
2.740000e+02 -1.082922e-04 
2.750000e+02 -8.793274e-05 
2.760000e+02 -8.357379e-05 
2.770000e+02 -9.371771e-05 
2.780000e+02 -7.323067e-05 
2.790000e+02 -8.847951e-05 
2.800000e+02 -9.400370e-05 
2.810000e+02 -9.417958e-05 
2.820000e+02 -1.013775e-04 
2.830000e+02 -9.908233e-05 
2.840000e+02 -8.630894e-05 
2.850000e+02 -8.799464e-05 
2.860000e+02 -1.047348e-04 
2.870000e+02 -8.893845e-05 
2.880000e+02 -1.211610e-04 
2.890000e+02 -1.065574e-04 
2.900000e+02 -8.824266e-05 
2.910000e+02 -1.051659e-04 
2.920000e+02 -7.671074e-05 
2.930000e+02 -7.420032e-05 
2.940000e+02 -9.721726e-05 
2.950000e+02 -8.259159e-05 
2.960000e+02 -4.164478e-05 
2.970000e+02 -5.859790e-05 
2.980000e+02 -5.439290e-05 
2.990000e+02 -6.689373e-05 
3.000000e+02 -5.492130e-05 
3.010000e+02 -7.290517e-05 
3.020000e+02 -5.821689e-05 
3.030000e+02 -4.615347e-05 
3.040000e+02 -6.380968e-05 
3.050000e+02 -3.134933e-05 
3.060000e+02 -3.395533e-05 
3.070000e+02 -3.036998e-05 
3.080000e+02 -4.871216e-05 
3.090000e+02 -4.534515e-05 
3.100000e+02 -2.129033e-05 
3.110000e+02 -4.652929e-05 
3.120000e+02 -5.259309e-05 
3.130000e+02 -4.554676e-05 
3.140000e+02 -2.594693e-05 
3.150000e+02 -4.093604e-05 
3.160000e+02 -3.968694e-05 
3.170000e+02 -3.080809e-05 
3.180000e+02 -3.792683e-05 
3.190000e+02 -3.774343e-05 
3.200000e+02 2.183242e-05 
3.210000e+02 -8.756183e-06 
3.220000e+02 -1.786391e-05 
3.230000e+02 1.442428e-05 
3.240000e+02 -4.386257e-06 
3.250000e+02 1.064737e-05 
3.260000e+02 1.345439e-06 
3.270000e+02 -3.601006e-06 
3.280000e+02 1.765660e-05 
3.290000e+02 1.209887e-05 
3.300000e+02 1.832355e-05 
3.310000e+02 2.305739e-05 
3.320000e+02 1.736734e-05 
3.330000e+02 2.802313e-05 
3.340000e+02 2.571654e-05 
3.350000e+02 3.214074e-05 
3.360000e+02 3.589333e-05 
3.370000e+02 1.927750e-05 
3.380000e+02 2.735244e-05 
3.390000e+02 4.483109e-05 
3.400000e+02 3.710469e-05 
3.410000e+02 6.092031e-05 
3.420000e+02 3.075544e-05 
3.430000e+02 4.915371e-05 
3.440000e+02 5.598278e-05 
3.450000e+02 5.988066e-05 
3.460000e+02 3.263420e-05 
3.470000e+02 9.692142e-05 
3.480000e+02 6.407236e-05 
3.490000e+02 8.056444e-05 
3.500000e+02 8.709187e-05 
3.510000e+02 9.504523e-05 
3.520000e+02 9.314696e-05 
3.530000e+02 7.138360e-05 
3.540000e+02 5.112797e-05 
3.550000e+02 9.615870e-05 
3.560000e+02 1.006765e-04 
3.570000e+02 8.796723e-05 
3.580000e+02 9.641310e-05 
3.590000e+02 1.250157e-04 
3.600000e+02 1.044493e-04 
3.610000e+02 1.071794e-04 
3.620000e+02 1.038001e-04 
3.630000e+02 1.165858e-04 
3.640000e+02 1.317434e-04 
3.650000e+02 8.619084e-05 
3.660000e+02 1.145735e-04 
3.670000e+02 1.092148e-04 
3.680000e+02 1.118891e-04 
3.690000e+02 1.495780e-04 
3.700000e+02 1.427082e-04 
3.710000e+02 1.459993e-04 
3.720000e+02 1.523169e-04 
3.730000e+02 1.351052e-04 
3.740000e+02 2.003800e-04 
3.750000e+02 1.583945e-04 
3.760000e+02 1.895886e-04 
3.770000e+02 1.909760e-04 
3.780000e+02 1.979117e-04 
3.790000e+02 1.952658e-04 
3.800000e+02 1.768302e-04 
3.810000e+02 1.987569e-04 
3.820000e+02 2.165054e-04 
3.830000e+02 2.041887e-04 
3.840000e+02 1.918304e-04 
3.850000e+02 1.888265e-04 
3.860000e+02 1.886832e-04 
3.870000e+02 1.860047e-04 
3.880000e+02 2.140545e-04 
3.890000e+02 2.101510e-04 
3.900000e+02 1.677110e-04 
3.910000e+02 1.730212e-04 
3.920000e+02 2.278804e-04 
3.930000e+02 1.808963e-04 
3.940000e+02 1.816527e-04 
3.950000e+02 2.316919e-04 
3.960000e+02 2.168587e-04 
3.970000e+02 2.510286e-04 
3.980000e+02 2.452392e-04 
3.990000e+02 2.591048e-04 
4.000000e+02 2.015027e-04 
4.010000e+02 2.296889e-04 
4.020000e+02 2.200475e-04 
4.030000e+02 2.072690e-04 
4.040000e+02 3.111168e-04 
4.050000e+02 2.162187e-04 
4.060000e+02 1.936147e-04 
4.070000e+02 2.291301e-04 
4.080000e+02 2.488331e-04 
4.090000e+02 2.583985e-04 
4.100000e+02 1.973226e-04 
4.110000e+02 2.273027e-04 
4.120000e+02 2.180014e-04 
4.130000e+02 2.162614e-04 
4.140000e+02 2.320757e-04 
4.150000e+02 3.137530e-04 
4.160000e+02 2.105658e-04 
4.170000e+02 2.445277e-04 
4.180000e+02 2.132468e-04 
4.190000e+02 0.000000e+00 
