0.000000e+00 0.000000e+00 
1.000000e+00 2.285519e+10 
2.000000e+00 2.229731e+10 
3.000000e+00 2.200939e+10 
4.000000e+00 2.393890e+10 
5.000000e+00 2.641755e+10 
6.000000e+00 1.829373e+10 
7.000000e+00 3.216828e+10 
8.000000e+00 4.311527e+10 
9.000000e+00 2.008952e+10 
1.000000e+01 2.410962e+10 
1.100000e+01 3.018355e+10 
1.200000e+01 3.396624e+10 
1.300000e+01 4.834378e+10 
1.400000e+01 1.994203e+10 
1.500000e+01 2.918573e+10 
1.600000e+01 4.472979e+10 
1.700000e+01 3.516896e+10 
1.800000e+01 2.124602e+10 
1.900000e+01 5.146990e+10 
2.000000e+01 3.431873e+10 
2.100000e+01 -5.821917e+07 
2.200000e+01 1.005302e+11 
2.300000e+01 3.089076e+10 
2.400000e+01 3.600663e+09 
2.500000e+01 7.177659e+10 
2.600000e+01 5.597589e+10 
2.700000e+01 1.081730e+10 
2.800000e+01 4.973245e+10 
2.900000e+01 6.075092e+10 
3.000000e+01 4.788834e+10 
3.100000e+01 1.425875e+10 
3.200000e+01 8.320375e+10 
3.300000e+01 3.568461e+10 
3.400000e+01 5.432949e+10 
3.500000e+01 4.812153e+10 
3.600000e+01 8.179822e+10 
3.700000e+01 -2.002949e+09 
3.800000e+01 1.232213e+11 
3.900000e+01 3.455112e+10 
4.000000e+01 4.466857e+10 
4.100000e+01 5.010219e+10 
4.200000e+01 6.795779e+10 
4.300000e+01 6.090275e+10 
4.400000e+01 1.233949e+10 
4.500000e+01 9.581192e+10 
4.600000e+01 3.458557e+10 
4.700000e+01 1.002598e+10 
4.800000e+01 1.729475e+11 
4.900000e+01 7.430993e+10 
5.000000e+01 1.794611e+10 
5.100000e+01 3.590866e+10 
5.200000e+01 1.374899e+11 
5.300000e+01 -4.788211e+10 
5.400000e+01 1.409558e+11 
5.500000e+01 1.124660e+11 
5.600000e+01 -2.786480e+10 
5.700000e+01 3.207663e+10 
5.800000e+01 1.222987e+11 
5.900000e+01 7.453525e+10 
6.000000e+01 1.312277e+10 
6.100000e+01 1.383701e+11 
6.200000e+01 6.721863e+10 
6.300000e+01 1.276393e+11 
6.400000e+01 3.734985e+10 
6.500000e+01 7.936746e+10 
6.600000e+01 8.530879e+10 
6.700000e+01 4.590035e+10 
6.800000e+01 1.199942e+11 
6.900000e+01 6.849093e+10 
7.000000e+01 -1.294292e+10 
7.100000e+01 1.549516e+11 
7.200000e+01 7.244338e+10 
7.300000e+01 1.812999e+11 
7.400000e+01 5.077844e+10 
7.500000e+01 -4.154548e+10 
7.600000e+01 2.140174e+11 
7.700000e+01 1.425901e+11 
7.800000e+01 7.356911e+10 
7.900000e+01 1.659634e+11 
8.000000e+01 1.330310e+11 
8.100000e+01 -2.479248e+10 
8.200000e+01 1.660832e+11 
8.300000e+01 1.248910e+11 
8.400000e+01 1.179081e+11 
8.500000e+01 3.557629e+10 
8.600000e+01 1.757777e+11 
8.700000e+01 2.560501e+11 
8.800000e+01 -4.694540e+10 
8.900000e+01 2.263024e+11 
9.000000e+01 -1.226644e+11 
9.100000e+01 2.363600e+11 
9.200000e+01 9.524150e+10 
9.300000e+01 1.663189e+11 
9.400000e+01 1.414640e+11 
9.500000e+01 4.814441e+10 
9.600000e+01 2.697640e+11 
9.700000e+01 2.296182e+11 
9.800000e+01 9.923635e+10 
9.900000e+01 2.389150e+11 
1.000000e+02 1.833415e+11 
1.010000e+02 1.155184e+10 
1.020000e+02 3.039830e+11 
1.030000e+02 -2.034228e+10 
1.040000e+02 3.611050e+11 
1.050000e+02 7.613546e+10 
1.060000e+02 1.556781e+11 
1.070000e+02 1.440788e+11 
1.080000e+02 1.955434e+11 
1.090000e+02 2.174878e+11 
1.100000e+02 2.553363e+11 
1.110000e+02 7.743274e+10 
1.120000e+02 3.712172e+11 
1.130000e+02 -6.062462e+10 
1.140000e+02 3.278575e+11 
1.150000e+02 1.891808e+11 
1.160000e+02 3.117623e+11 
1.170000e+02 5.040385e+10 
1.180000e+02 1.626920e+11 
1.190000e+02 2.479131e+11 
1.200000e+02 1.212134e+11 
1.210000e+02 3.718449e+11 
1.220000e+02 1.030946e+11 
1.230000e+02 3.261220e+11 
1.240000e+02 2.369156e+11 
1.250000e+02 2.913791e+11 
1.260000e+02 2.259730e+11 
1.270000e+02 1.665887e+11 
1.280000e+02 3.089008e+11 
1.290000e+02 1.865427e+11 
1.300000e+02 1.613409e+11 
1.310000e+02 3.620043e+11 
1.320000e+02 2.315357e+11 
1.330000e+02 3.161535e+11 
1.340000e+02 3.668313e+11 
1.350000e+02 1.937539e+11 
1.360000e+02 3.154229e+11 
1.370000e+02 2.714025e+11 
1.380000e+02 4.702434e+11 
1.390000e+02 8.753828e+10 
1.400000e+02 3.053474e+11 
1.410000e+02 2.679881e+11 
1.420000e+02 3.445716e+11 
1.430000e+02 1.827873e+11 
1.440000e+02 4.421414e+11 
1.450000e+02 6.377308e+10 
1.460000e+02 4.127663e+11 
1.470000e+02 1.879173e+11 
1.480000e+02 2.491590e+11 
1.490000e+02 6.943109e+11 
1.500000e+02 1.639065e+10 
1.510000e+02 2.165005e+11 
1.520000e+02 4.305451e+11 
1.530000e+02 2.394474e+11 
1.540000e+02 3.415458e+11 
1.550000e+02 3.126539e+11 
1.560000e+02 2.714758e+11 
1.570000e+02 5.146148e+11 
1.580000e+02 2.314979e+11 
1.590000e+02 3.806538e+11 
1.600000e+02 2.247538e+11 
1.610000e+02 2.451002e+11 
1.620000e+02 3.325644e+11 
1.630000e+02 4.923562e+11 
1.640000e+02 5.306095e+11 
1.650000e+02 2.119006e+11 
1.660000e+02 1.123878e+11 
1.670000e+02 3.292240e+11 
1.680000e+02 3.914571e+11 
1.690000e+02 3.976347e+11 
1.700000e+02 3.321476e+11 
1.710000e+02 3.695210e+11 
1.720000e+02 4.044276e+11 
1.730000e+02 2.642211e+11 
1.740000e+02 3.862923e+11 
1.750000e+02 3.603250e+11 
1.760000e+02 9.364988e+10 
1.770000e+02 5.148941e+11 
1.780000e+02 1.956304e+11 
1.790000e+02 6.653933e+11 
1.800000e+02 2.446186e+11 
1.810000e+02 3.462731e+11 
1.820000e+02 4.458086e+11 
1.830000e+02 2.712478e+11 
1.840000e+02 2.942957e+11 
1.850000e+02 3.397839e+11 
1.860000e+02 3.815045e+11 
1.870000e+02 5.263986e+11 
1.880000e+02 2.720442e+11 
1.890000e+02 3.844006e+11 
1.900000e+02 5.561148e+11 
1.910000e+02 1.610634e+11 
1.920000e+02 3.690383e+11 
1.930000e+02 2.409458e+11 
1.940000e+02 4.171855e+11 
1.950000e+02 5.770790e+11 
1.960000e+02 1.910016e+11 
1.970000e+02 5.570034e+11 
1.980000e+02 2.997986e+11 
1.990000e+02 2.186104e+11 
2.000000e+02 5.080527e+11 
2.010000e+02 4.334666e+11 
2.020000e+02 2.625716e+11 
2.030000e+02 2.911368e+11 
2.040000e+02 5.679757e+11 
2.050000e+02 1.779172e+11 
2.060000e+02 5.358529e+11 
2.070000e+02 3.423843e+11 
2.080000e+02 4.066226e+11 
2.090000e+02 5.456121e+11 
2.100000e+02 3.599000e+11 
2.110000e+02 5.747374e+11 
2.120000e+02 -2.279744e+10 
2.130000e+02 6.026101e+11 
2.140000e+02 1.806379e+11 
2.150000e+02 5.364582e+11 
2.160000e+02 5.396435e+11 
2.170000e+02 2.662140e+11 
2.180000e+02 4.184377e+11 
2.190000e+02 3.914517e+11 
2.200000e+02 3.939010e+11 
2.210000e+02 5.423134e+11 
2.220000e+02 5.193371e+11 
2.230000e+02 1.920930e+11 
2.240000e+02 7.347400e+11 
2.250000e+02 1.796291e+10 
2.260000e+02 5.281581e+11 
2.270000e+02 3.586586e+11 
2.280000e+02 6.315041e+11 
2.290000e+02 9.994273e+10 
2.300000e+02 2.950446e+11 
2.310000e+02 5.089501e+11 
2.320000e+02 4.620105e+11 
2.330000e+02 3.495483e+11 
2.340000e+02 5.243796e+11 
2.350000e+02 5.108691e+11 
2.360000e+02 1.495042e+11 
2.370000e+02 2.163582e+11 
2.380000e+02 8.504635e+11 
2.390000e+02 1.031405e+11 
2.400000e+02 7.978001e+11 
2.410000e+02 2.925851e+11 
2.420000e+02 4.198513e+11 
2.430000e+02 7.265751e+10 
2.440000e+02 7.267055e+11 
2.450000e+02 7.326369e+10 
2.460000e+02 5.610806e+11 
2.470000e+02 4.301202e+11 
2.480000e+02 3.652637e+11 
2.490000e+02 2.919600e+11 
2.500000e+02 4.232035e+11 
2.510000e+02 4.438893e+11 
2.520000e+02 6.513325e+11 
2.530000e+02 1.758080e+11 
2.540000e+02 3.569098e+11 
2.550000e+02 5.708094e+11 
2.560000e+02 3.291711e+11 
2.570000e+02 3.829326e+11 
2.580000e+02 4.167586e+11 
2.590000e+02 4.725643e+11 
2.600000e+02 2.281974e+11 
2.610000e+02 2.938993e+11 
2.620000e+02 3.628370e+11 
2.630000e+02 4.898679e+11 
2.640000e+02 4.370831e+11 
2.650000e+02 4.510343e+11 
2.660000e+02 3.834115e+11 
2.670000e+02 2.484038e+11 
2.680000e+02 4.615297e+11 
2.690000e+02 4.824209e+11 
2.700000e+02 5.466269e+11 
2.710000e+02 2.729471e+11 
2.720000e+02 5.276369e+11 
2.730000e+02 2.844909e+11 
2.740000e+02 2.936783e+11 
2.750000e+02 7.313380e+11 
2.760000e+02 1.795428e+11 
2.770000e+02 4.679633e+11 
2.780000e+02 5.243254e+11 
2.790000e+02 2.493450e+11 
2.800000e+02 4.193101e+11 
2.810000e+02 4.986600e+11 
2.820000e+02 3.339646e+11 
2.830000e+02 4.388070e+11 
2.840000e+02 5.653188e+11 
2.850000e+02 3.120858e+11 
2.860000e+02 4.113941e+11 
2.870000e+02 3.639794e+11 
2.880000e+02 5.593771e+11 
2.890000e+02 3.699529e+11 
2.900000e+02 6.527032e+11 
2.910000e+02 4.728340e+11 
2.920000e+02 2.749532e+11 
2.930000e+02 3.338272e+11 
2.940000e+02 1.009177e+11 
2.950000e+02 7.896470e+11 
2.960000e+02 2.177889e+11 
2.970000e+02 4.267162e+11 
2.980000e+02 3.251259e+11 
2.990000e+02 5.534306e+11 
3.000000e+02 2.915610e+11 
3.010000e+02 5.356758e+11 
3.020000e+02 3.701831e+11 
3.030000e+02 3.814112e+11 
3.040000e+02 6.062589e+11 
3.050000e+02 5.732556e+11 
3.060000e+02 9.376797e+10 
3.070000e+02 2.538083e+11 
3.080000e+02 8.935258e+11 
3.090000e+02 8.534394e+10 
3.100000e+02 5.135450e+11 
3.110000e+02 3.244830e+11 
3.120000e+02 8.863468e+10 
3.130000e+02 8.099835e+10 
3.140000e+02 6.229104e+11 
3.150000e+02 1.750081e+11 
3.160000e+02 7.202089e+11 
3.170000e+02 2.279849e+11 
3.180000e+02 2.012876e+11 
3.190000e+02 2.309183e+11 
3.200000e+02 4.422664e+11 
3.210000e+02 3.305612e+11 
3.220000e+02 4.335762e+11 
3.230000e+02 2.309303e+11 
3.240000e+02 4.811477e+11 
3.250000e+02 3.515354e+11 
3.260000e+02 4.824106e+10 
3.270000e+02 4.157261e+11 
3.280000e+02 -5.001275e+10 
3.290000e+02 4.503765e+11 
3.300000e+02 3.494547e+11 
3.310000e+02 3.450009e+11 
3.320000e+02 4.185214e+11 
3.330000e+02 7.697653e+10 
3.340000e+02 3.182226e+11 
3.350000e+02 2.488027e+11 
3.360000e+02 1.705575e+11 
3.370000e+02 2.840559e+11 
3.380000e+02 3.667338e+11 
3.390000e+02 2.468838e+11 
3.400000e+02 1.508897e+11 
3.410000e+02 2.580685e+11 
3.420000e+02 1.153866e+11 
3.430000e+02 4.753706e+11 
3.440000e+02 -1.014304e+11 
3.450000e+02 4.625688e+11 
3.460000e+02 6.776757e+10 
3.470000e+02 3.849994e+11 
3.480000e+02 1.513592e+11 
3.490000e+02 -1.369043e+11 
3.500000e+02 3.830233e+11 
3.510000e+02 -1.081568e+11 
3.520000e+02 4.038403e+11 
3.530000e+02 1.151927e+11 
3.540000e+02 1.602971e+11 
3.550000e+02 1.404097e+10 
3.560000e+02 2.455713e+11 
3.570000e+02 3.173112e+11 
3.580000e+02 2.911647e+10 
3.590000e+02 2.015989e+10 
3.600000e+02 6.331319e+10 
3.610000e+02 1.817580e+11 
3.620000e+02 1.579479e+11 
3.630000e+02 1.467464e+10 
3.640000e+02 2.295875e+11 
3.650000e+02 4.609450e+09 
3.660000e+02 4.158637e+11 
3.670000e+02 3.599147e+08 
3.680000e+02 -7.336755e+09 
3.690000e+02 2.091384e+11 
3.700000e+02 8.448770e+10 
3.710000e+02 1.842315e+11 
3.720000e+02 -1.092767e+11 
3.730000e+02 3.086912e+11 
3.740000e+02 8.087910e+10 
3.750000e+02 7.670789e+10 
3.760000e+02 1.716593e+11 
3.770000e+02 -8.327660e+10 
3.780000e+02 3.394796e+11 
3.790000e+02 -6.687969e+10 
3.800000e+02 -2.091899e+10 
3.810000e+02 1.811484e+11 
3.820000e+02 2.756978e+10 
3.830000e+02 1.014821e+11 
3.840000e+02 9.921683e+10 
3.850000e+02 4.525990e+10 
3.860000e+02 -3.506024e+10 
3.870000e+02 9.164250e+10 
3.880000e+02 9.239715e+10 
3.890000e+02 3.693307e+10 
3.900000e+02 8.649316e+10 
3.910000e+02 1.911830e+11 
3.920000e+02 -1.755360e+11 
3.930000e+02 1.094242e+11 
3.940000e+02 2.414815e+11 
3.950000e+02 2.752215e+10 
3.960000e+02 2.466149e+10 
3.970000e+02 -1.850225e+09 
3.980000e+02 7.625730e+10 
3.990000e+02 -1.895035e+11 
4.000000e+02 7.608386e+10 
4.010000e+02 1.807521e+11 
4.020000e+02 1.771145e+10 
4.030000e+02 -3.690622e+10 
4.040000e+02 -1.462199e+10 
4.050000e+02 3.880478e+10 
4.060000e+02 9.183993e+10 
4.070000e+02 9.420459e+10 
4.080000e+02 -1.608113e+10 
4.090000e+02 6.257429e+10 
4.100000e+02 -7.704059e+10 
4.110000e+02 5.882025e+10 
4.120000e+02 3.026454e+10 
4.130000e+02 2.879693e+10 
4.140000e+02 -9.389131e+08 
4.150000e+02 1.640312e+11 
4.160000e+02 -1.129737e+11 
4.170000e+02 7.884755e+10 
4.180000e+02 2.164263e+10 
4.190000e+02 -1.264148e+11 
