0.000000e+00 0.000000e+00 
1.000000e+00 -8.437473e-09 
2.000000e+00 -1.508592e-06 
3.000000e+00 -1.703626e-06 
4.000000e+00 -1.844314e-06 
5.000000e+00 -1.651698e-06 
6.000000e+00 -1.539499e-06 
7.000000e+00 -1.619450e-06 
8.000000e+00 -1.593082e-06 
9.000000e+00 -1.795506e-06 
1.000000e+01 -1.699589e-06 
1.100000e+01 -1.639294e-06 
1.200000e+01 -1.714084e-06 
1.300000e+01 -1.604582e-06 
1.400000e+01 -1.455995e-06 
1.500000e+01 -1.597039e-06 
1.600000e+01 -1.782705e-06 
1.700000e+01 -1.518432e-06 
1.800000e+01 -1.719554e-06 
1.900000e+01 -1.571063e-06 
2.000000e+01 -1.573393e-06 
2.100000e+01 -1.406134e-06 
2.200000e+01 -1.493507e-06 
2.300000e+01 -1.616754e-06 
2.400000e+01 -1.563726e-06 
2.500000e+01 -1.480232e-06 
2.600000e+01 -1.654403e-06 
2.700000e+01 -1.519040e-06 
2.800000e+01 -1.632522e-06 
2.900000e+01 -1.328279e-06 
3.000000e+01 -1.527863e-06 
3.100000e+01 -1.580773e-06 
3.200000e+01 -1.441111e-06 
3.300000e+01 -1.428001e-06 
3.400000e+01 -1.347073e-06 
3.500000e+01 -1.494616e-06 
3.600000e+01 -1.505285e-06 
3.700000e+01 -1.399544e-06 
3.800000e+01 -1.611218e-06 
3.900000e+01 -1.376591e-06 
4.000000e+01 -1.345090e-06 
4.100000e+01 -1.429745e-06 
4.200000e+01 -1.437332e-06 
4.300000e+01 -1.339233e-06 
4.400000e+01 -1.286417e-06 
4.500000e+01 -1.303507e-06 
4.600000e+01 -1.282720e-06 
4.700000e+01 -1.409945e-06 
4.800000e+01 -1.304073e-06 
4.900000e+01 -1.173336e-06 
5.000000e+01 -1.253748e-06 
5.100000e+01 -1.252362e-06 
5.200000e+01 -1.251826e-06 
5.300000e+01 -1.490171e-06 
5.400000e+01 -1.425535e-06 
5.500000e+01 -1.357961e-06 
5.600000e+01 -1.520387e-06 
5.700000e+01 -1.499827e-06 
5.800000e+01 -1.387240e-06 
5.900000e+01 -1.222365e-06 
6.000000e+01 -1.225445e-06 
6.100000e+01 -1.233738e-06 
6.200000e+01 -1.305899e-06 
6.300000e+01 -1.326522e-06 
6.400000e+01 -1.326379e-06 
6.500000e+01 -1.263253e-06 
6.600000e+01 -1.222202e-06 
6.700000e+01 -1.318079e-06 
6.800000e+01 -1.191494e-06 
6.900000e+01 -1.198481e-06 
7.000000e+01 -1.189643e-06 
7.100000e+01 -1.108239e-06 
7.200000e+01 -1.296329e-06 
7.300000e+01 -1.257104e-06 
7.400000e+01 -1.117287e-06 
7.500000e+01 -1.168919e-06 
7.600000e+01 -1.169862e-06 
7.700000e+01 -1.049803e-06 
7.800000e+01 -1.234052e-06 
7.900000e+01 -9.827349e-07 
8.000000e+01 -1.082966e-06 
8.100000e+01 -1.070098e-06 
8.200000e+01 -1.233642e-06 
8.300000e+01 -1.104931e-06 
8.400000e+01 -1.060732e-06 
8.500000e+01 -1.238492e-06 
8.600000e+01 -1.111951e-06 
8.700000e+01 -9.747533e-07 
8.800000e+01 -1.152991e-06 
8.900000e+01 -1.232862e-06 
9.000000e+01 -1.079932e-06 
9.100000e+01 -1.120397e-06 
9.200000e+01 -1.046668e-06 
9.300000e+01 -1.028896e-06 
9.400000e+01 -1.104834e-06 
9.500000e+01 -9.975929e-07 
9.600000e+01 -1.038125e-06 
9.700000e+01 -9.648253e-07 
9.800000e+01 -9.882361e-07 
9.900000e+01 -1.084054e-06 
1.000000e+02 -1.003421e-06 
1.010000e+02 -8.918712e-07 
1.020000e+02 -9.436289e-07 
1.030000e+02 -1.084215e-06 
1.040000e+02 -9.726840e-07 
1.050000e+02 -9.898472e-07 
1.060000e+02 -9.966025e-07 
1.070000e+02 -1.037568e-06 
1.080000e+02 -8.973779e-07 
1.090000e+02 -1.054747e-06 
1.100000e+02 -9.000885e-07 
1.110000e+02 -9.752143e-07 
1.120000e+02 -8.245517e-07 
1.130000e+02 -9.484957e-07 
1.140000e+02 -8.866916e-07 
1.150000e+02 -7.564938e-07 
1.160000e+02 -8.499411e-07 
1.170000e+02 -7.494658e-07 
1.180000e+02 -7.645801e-07 
1.190000e+02 -8.509502e-07 
1.200000e+02 -7.962867e-07 
1.210000e+02 -7.719368e-07 
1.220000e+02 -8.725081e-07 
1.230000e+02 -7.942771e-07 
1.240000e+02 -8.335140e-07 
1.250000e+02 -9.146253e-07 
1.260000e+02 -7.790134e-07 
1.270000e+02 -7.372838e-07 
1.280000e+02 -7.666086e-07 
1.290000e+02 -7.676314e-07 
1.300000e+02 -7.809243e-07 
1.310000e+02 -8.734660e-07 
1.320000e+02 -8.047021e-07 
1.330000e+02 -7.799429e-07 
1.340000e+02 -7.340970e-07 
1.350000e+02 -7.126635e-07 
1.360000e+02 -6.973584e-07 
1.370000e+02 -7.365168e-07 
1.380000e+02 -7.494179e-07 
1.390000e+02 -7.034957e-07 
1.400000e+02 -6.753023e-07 
1.410000e+02 -5.845810e-07 
1.420000e+02 -6.811190e-07 
1.430000e+02 -5.339943e-07 
1.440000e+02 -5.754498e-07 
1.450000e+02 -6.312697e-07 
1.460000e+02 -6.290785e-07 
1.470000e+02 -5.462949e-07 
1.480000e+02 -6.564970e-07 
1.490000e+02 -5.719275e-07 
1.500000e+02 -5.963250e-07 
1.510000e+02 -6.720570e-07 
1.520000e+02 -6.131673e-07 
1.530000e+02 -5.623233e-07 
1.540000e+02 -5.668401e-07 
1.550000e+02 -5.629298e-07 
1.560000e+02 -5.661898e-07 
1.570000e+02 -5.037962e-07 
1.580000e+02 -5.476333e-07 
1.590000e+02 -5.266022e-07 
1.600000e+02 -4.696865e-07 
1.610000e+02 -5.187796e-07 
1.620000e+02 -5.549143e-07 
1.630000e+02 -4.911788e-07 
1.640000e+02 -4.405112e-07 
1.650000e+02 -4.420653e-07 
1.660000e+02 -4.895096e-07 
1.670000e+02 -3.976553e-07 
1.680000e+02 -4.370134e-07 
1.690000e+02 -4.384517e-07 
1.700000e+02 -4.289765e-07 
1.710000e+02 -4.677422e-07 
1.720000e+02 -3.984429e-07 
1.730000e+02 -3.852873e-07 
1.740000e+02 -4.615982e-07 
1.750000e+02 -3.255264e-07 
1.760000e+02 -4.068606e-07 
1.770000e+02 -3.851331e-07 
1.780000e+02 -3.470548e-07 
1.790000e+02 -3.942216e-07 
1.800000e+02 -3.764860e-07 
1.810000e+02 -3.053629e-07 
1.820000e+02 -2.874869e-07 
1.830000e+02 -2.905585e-07 
1.840000e+02 -3.533085e-07 
1.850000e+02 -2.830092e-07 
1.860000e+02 -2.434222e-07 
1.870000e+02 -2.561335e-07 
1.880000e+02 -2.225828e-07 
1.890000e+02 -2.377503e-07 
1.900000e+02 -1.501130e-07 
1.910000e+02 -2.599750e-07 
1.920000e+02 -2.311971e-07 
1.930000e+02 -2.738575e-07 
1.940000e+02 -1.730632e-07 
1.950000e+02 -1.941731e-07 
1.960000e+02 -2.052080e-07 
1.970000e+02 -1.593481e-07 
1.980000e+02 -7.417238e-08 
1.990000e+02 -1.721340e-07 
2.000000e+02 -1.398448e-07 
2.010000e+02 -9.688634e-08 
2.020000e+02 -8.485557e-08 
2.030000e+02 -9.222949e-08 
2.040000e+02 -1.207381e-07 
2.050000e+02 -2.893168e-08 
2.060000e+02 -9.543890e-08 
2.070000e+02 -1.043491e-07 
2.080000e+02 -3.938072e-08 
2.090000e+02 1.239235e-08 
2.100000e+02 3.678410e-08 
2.110000e+02 5.687756e-08 
2.120000e+02 3.377238e-08 
2.130000e+02 1.056377e-07 
2.140000e+02 5.361392e-08 
2.150000e+02 9.935921e-08 
2.160000e+02 4.565814e-08 
2.170000e+02 9.061764e-08 
2.180000e+02 1.375066e-07 
2.190000e+02 8.705969e-08 
2.200000e+02 1.226432e-07 
2.210000e+02 1.218415e-07 
2.220000e+02 2.304608e-07 
2.230000e+02 2.402639e-07 
2.240000e+02 1.787958e-07 
2.250000e+02 1.652859e-07 
2.260000e+02 1.863491e-07 
2.270000e+02 2.410352e-07 
2.280000e+02 2.708913e-07 
2.290000e+02 2.769844e-07 
2.300000e+02 2.753122e-07 
2.310000e+02 2.902927e-07 
2.320000e+02 3.041386e-07 
2.330000e+02 3.115696e-07 
2.340000e+02 2.862638e-07 
2.350000e+02 2.641514e-07 
2.360000e+02 2.960954e-07 
2.370000e+02 4.094183e-07 
2.380000e+02 3.473190e-07 
2.390000e+02 3.466311e-07 
2.400000e+02 3.693720e-07 
2.410000e+02 4.092530e-07 
2.420000e+02 3.415342e-07 
2.430000e+02 3.683829e-07 
2.440000e+02 3.972262e-07 
2.450000e+02 3.932409e-07 
2.460000e+02 4.774288e-07 
2.470000e+02 4.934282e-07 
2.480000e+02 4.618012e-07 
2.490000e+02 3.973117e-07 
2.500000e+02 4.268851e-07 
2.510000e+02 4.850545e-07 
2.520000e+02 4.020075e-07 
2.530000e+02 5.051648e-07 
2.540000e+02 5.218400e-07 
2.550000e+02 5.303699e-07 
2.560000e+02 4.603431e-07 
2.570000e+02 4.567495e-07 
2.580000e+02 4.913624e-07 
2.590000e+02 5.350825e-07 
2.600000e+02 5.042492e-07 
2.610000e+02 4.894876e-07 
2.620000e+02 5.587953e-07 
2.630000e+02 5.268765e-07 
2.640000e+02 5.686023e-07 
2.650000e+02 5.979064e-07 
2.660000e+02 5.493021e-07 
2.670000e+02 5.191585e-07 
2.680000e+02 5.622184e-07 
2.690000e+02 6.887905e-07 
2.700000e+02 7.013026e-07 
2.710000e+02 6.108143e-07 
2.720000e+02 6.431930e-07 
2.730000e+02 6.317846e-07 
2.740000e+02 6.516907e-07 
2.750000e+02 5.614103e-07 
2.760000e+02 7.900880e-07 
2.770000e+02 6.356802e-07 
2.780000e+02 7.250360e-07 
2.790000e+02 6.827275e-07 
2.800000e+02 6.414839e-07 
2.810000e+02 6.430416e-07 
2.820000e+02 6.572193e-07 
2.830000e+02 8.124195e-07 
2.840000e+02 7.103916e-07 
2.850000e+02 6.891115e-07 
2.860000e+02 7.599926e-07 
2.870000e+02 7.898133e-07 
2.880000e+02 7.189622e-07 
2.890000e+02 8.874017e-07 
2.900000e+02 7.436685e-07 
2.910000e+02 7.788692e-07 
2.920000e+02 7.856647e-07 
2.930000e+02 8.797125e-07 
2.940000e+02 8.336511e-07 
2.950000e+02 8.497549e-07 
2.960000e+02 7.410047e-07 
2.970000e+02 7.350743e-07 
2.980000e+02 9.371755e-07 
2.990000e+02 7.751116e-07 
3.000000e+02 7.922779e-07 
3.010000e+02 7.779422e-07 
3.020000e+02 9.338876e-07 
3.030000e+02 8.687452e-07 
3.040000e+02 8.306120e-07 
3.050000e+02 9.238021e-07 
3.060000e+02 9.133602e-07 
3.070000e+02 1.027283e-06 
3.080000e+02 9.424963e-07 
3.090000e+02 9.312359e-07 
3.100000e+02 1.030530e-06 
3.110000e+02 9.017802e-07 
3.120000e+02 9.676892e-07 
3.130000e+02 8.763334e-07 
3.140000e+02 1.001851e-06 
3.150000e+02 9.042831e-07 
3.160000e+02 8.428251e-07 
3.170000e+02 9.429779e-07 
3.180000e+02 9.602061e-07 
3.190000e+02 1.069928e-06 
3.200000e+02 1.026751e-06 
3.210000e+02 1.009207e-06 
3.220000e+02 1.028905e-06 
3.230000e+02 1.022287e-06 
3.240000e+02 1.098097e-06 
3.250000e+02 1.138418e-06 
3.260000e+02 1.091150e-06 
3.270000e+02 9.976125e-07 
3.280000e+02 1.015804e-06 
3.290000e+02 1.031466e-06 
3.300000e+02 1.016304e-06 
3.310000e+02 1.122132e-06 
3.320000e+02 1.093829e-06 
3.330000e+02 1.136266e-06 
3.340000e+02 9.722949e-07 
3.350000e+02 1.085755e-06 
3.360000e+02 1.120388e-06 
3.370000e+02 1.172809e-06 
3.380000e+02 1.152418e-06 
3.390000e+02 1.076015e-06 
3.400000e+02 1.271489e-06 
3.410000e+02 1.163109e-06 
3.420000e+02 1.123372e-06 
3.430000e+02 1.102931e-06 
3.440000e+02 1.151193e-06 
3.450000e+02 1.301417e-06 
3.460000e+02 1.282945e-06 
3.470000e+02 1.213157e-06 
3.480000e+02 1.152846e-06 
3.490000e+02 1.067150e-06 
3.500000e+02 1.171890e-06 
3.510000e+02 1.180011e-06 
3.520000e+02 1.235677e-06 
3.530000e+02 1.310084e-06 
3.540000e+02 1.181212e-06 
3.550000e+02 1.374892e-06 
3.560000e+02 1.280317e-06 
3.570000e+02 1.038970e-06 
3.580000e+02 1.340625e-06 
3.590000e+02 1.258915e-06 
3.600000e+02 1.251279e-06 
3.610000e+02 1.375948e-06 
3.620000e+02 1.230126e-06 
3.630000e+02 1.352501e-06 
3.640000e+02 1.375122e-06 
3.650000e+02 1.560097e-06 
3.660000e+02 1.432597e-06 
3.670000e+02 1.387785e-06 
3.680000e+02 1.430401e-06 
3.690000e+02 1.331827e-06 
3.700000e+02 1.492795e-06 
3.710000e+02 1.292547e-06 
3.720000e+02 1.347471e-06 
3.730000e+02 1.373589e-06 
3.740000e+02 1.396684e-06 
3.750000e+02 1.411074e-06 
3.760000e+02 1.359221e-06 
3.770000e+02 1.463798e-06 
3.780000e+02 1.530490e-06 
3.790000e+02 1.444526e-06 
3.800000e+02 1.557223e-06 
3.810000e+02 1.456292e-06 
3.820000e+02 1.735151e-06 
3.830000e+02 1.459294e-06 
3.840000e+02 1.356039e-06 
3.850000e+02 1.549443e-06 
3.860000e+02 1.364779e-06 
3.870000e+02 1.417130e-06 
3.880000e+02 1.443069e-06 
3.890000e+02 1.655918e-06 
3.900000e+02 1.528597e-06 
3.910000e+02 1.592530e-06 
3.920000e+02 1.569513e-06 
3.930000e+02 1.484408e-06 
3.940000e+02 1.506549e-06 
3.950000e+02 1.496816e-06 
3.960000e+02 1.372694e-06 
3.970000e+02 1.514956e-06 
3.980000e+02 1.397429e-06 
3.990000e+02 1.486086e-06 
4.000000e+02 1.464784e-06 
4.010000e+02 1.713377e-06 
4.020000e+02 1.569559e-06 
4.030000e+02 1.552847e-06 
4.040000e+02 1.751683e-06 
4.050000e+02 1.681694e-06 
4.060000e+02 1.646262e-06 
4.070000e+02 1.710825e-06 
4.080000e+02 1.856292e-06 
4.090000e+02 1.675190e-06 
4.100000e+02 1.520292e-06 
4.110000e+02 1.574965e-06 
4.120000e+02 1.707656e-06 
4.130000e+02 1.729094e-06 
4.140000e+02 1.779791e-06 
4.150000e+02 1.591191e-06 
4.160000e+02 1.704650e-06 
4.170000e+02 1.731150e-06 
4.180000e+02 1.660889e-06 
4.190000e+02 0.000000e+00 
