0.000000e+00 8.370640e+10 
1.000000e+00 7.615152e+10 
2.000000e+00 7.081313e+10 
3.000000e+00 6.788088e+10 
4.000000e+00 6.619869e+10 
5.000000e+00 6.494572e+10 
6.000000e+00 6.410415e+10 
7.000000e+00 6.356097e+10 
8.000000e+00 6.315857e+10 
9.000000e+00 6.296246e+10 
1.000000e+01 6.281891e+10 
1.100000e+01 6.287672e+10 
1.200000e+01 6.285558e+10 
1.300000e+01 6.283355e+10 
1.400000e+01 6.296762e+10 
1.500000e+01 6.307534e+10 
1.600000e+01 6.317905e+10 
1.700000e+01 6.327652e+10 
1.800000e+01 6.352371e+10 
1.900000e+01 6.368638e+10 
2.000000e+01 6.386617e+10 
2.100000e+01 6.406071e+10 
2.200000e+01 6.419981e+10 
2.300000e+01 6.440697e+10 
2.400000e+01 6.466680e+10 
2.500000e+01 6.480585e+10 
2.600000e+01 6.493503e+10 
2.700000e+01 6.512543e+10 
2.800000e+01 6.528699e+10 
2.900000e+01 6.547895e+10 
3.000000e+01 6.565944e+10 
3.100000e+01 6.588895e+10 
3.200000e+01 6.615528e+10 
3.300000e+01 6.635422e+10 
3.400000e+01 6.655951e+10 
3.500000e+01 6.673820e+10 
3.600000e+01 6.699410e+10 
3.700000e+01 6.717731e+10 
3.800000e+01 6.737262e+10 
3.900000e+01 6.760283e+10 
4.000000e+01 6.785841e+10 
4.100000e+01 6.816552e+10 
4.200000e+01 6.856128e+10 
4.300000e+01 6.883690e+10 
4.400000e+01 6.913445e+10 
4.500000e+01 6.936475e+10 
4.600000e+01 6.965719e+10 
4.700000e+01 6.999164e+10 
4.800000e+01 7.042055e+10 
4.900000e+01 7.068652e+10 
5.000000e+01 7.100371e+10 
5.100000e+01 7.128600e+10 
5.200000e+01 7.166297e+10 
5.300000e+01 7.205000e+10 
5.400000e+01 7.242081e+10 
5.500000e+01 7.283352e+10 
5.600000e+01 7.322214e+10 
5.700000e+01 7.364130e+10 
5.800000e+01 7.404274e+10 
5.900000e+01 7.461736e+10 
6.000000e+01 7.507434e+10 
6.100000e+01 7.566931e+10 
6.200000e+01 7.612618e+10 
6.300000e+01 7.671040e+10 
6.400000e+01 7.713852e+10 
6.500000e+01 7.771546e+10 
6.600000e+01 7.825735e+10 
6.700000e+01 7.877591e+10 
6.800000e+01 7.934209e+10 
6.900000e+01 7.998132e+10 
7.000000e+01 8.059586e+10 
7.100000e+01 8.115622e+10 
7.200000e+01 8.180074e+10 
7.300000e+01 8.230647e+10 
7.400000e+01 8.309957e+10 
7.500000e+01 8.391304e+10 
7.600000e+01 8.459592e+10 
7.700000e+01 8.523302e+10 
7.800000e+01 8.602675e+10 
7.900000e+01 8.691527e+10 
8.000000e+01 8.773354e+10 
8.100000e+01 8.855993e+10 
8.200000e+01 8.938326e+10 
8.300000e+01 9.023511e+10 
8.400000e+01 9.113628e+10 
8.500000e+01 9.202243e+10 
8.600000e+01 9.289077e+10 
8.700000e+01 9.390411e+10 
8.800000e+01 9.484620e+10 
8.900000e+01 9.590834e+10 
9.000000e+01 9.695865e+10 
9.100000e+01 9.810097e+10 
9.200000e+01 9.928995e+10 
9.300000e+01 1.003784e+11 
9.400000e+01 1.015044e+11 
9.500000e+01 1.026618e+11 
9.600000e+01 1.037537e+11 
9.700000e+01 1.049311e+11 
9.800000e+01 1.060863e+11 
9.900000e+01 1.074071e+11 
1.000000e+02 1.087593e+11 
1.010000e+02 1.100326e+11 
1.020000e+02 1.113455e+11 
1.030000e+02 1.128773e+11 
1.040000e+02 1.144462e+11 
1.050000e+02 1.159951e+11 
1.060000e+02 1.175292e+11 
1.070000e+02 1.191419e+11 
1.080000e+02 1.207410e+11 
1.090000e+02 1.225080e+11 
1.100000e+02 1.242850e+11 
1.110000e+02 1.261759e+11 
1.120000e+02 1.280821e+11 
1.130000e+02 1.300944e+11 
1.140000e+02 1.319993e+11 
1.150000e+02 1.341400e+11 
1.160000e+02 1.362421e+11 
1.170000e+02 1.385488e+11 
1.180000e+02 1.406652e+11 
1.190000e+02 1.430715e+11 
1.200000e+02 1.454819e+11 
1.210000e+02 1.479802e+11 
1.220000e+02 1.506214e+11 
1.230000e+02 1.534544e+11 
1.240000e+02 1.563903e+11 
1.250000e+02 1.594901e+11 
1.260000e+02 1.627219e+11 
1.270000e+02 1.661221e+11 
1.280000e+02 1.696962e+11 
1.290000e+02 1.737315e+11 
1.300000e+02 1.778626e+11 
1.310000e+02 1.821882e+11 
1.320000e+02 1.865878e+11 
1.330000e+02 1.914399e+11 
1.340000e+02 1.967469e+11 
1.350000e+02 2.021371e+11 
1.360000e+02 2.081636e+11 
1.370000e+02 2.146278e+11 
1.380000e+02 2.217149e+11 
1.390000e+02 2.299580e+11 
1.400000e+02 2.395939e+11 
1.410000e+02 2.507033e+11 
1.420000e+02 2.585613e+11 
1.430000e+02 2.603496e+11 
1.440000e+02 2.606878e+11 
1.450000e+02 2.615653e+11 
1.460000e+02 2.618844e+11 
1.470000e+02 2.618164e+11 
1.480000e+02 2.594997e+11 
1.490000e+02 2.554953e+11 
1.500000e+02 2.514588e+11 
1.510000e+02 2.478554e+11 
1.520000e+02 2.447984e+11 
1.530000e+02 2.419941e+11 
1.540000e+02 2.391641e+11 
1.550000e+02 2.369344e+11 
1.560000e+02 2.346052e+11 
1.570000e+02 2.322761e+11 
1.580000e+02 2.304172e+11 
1.590000e+02 2.284716e+11 
1.600000e+02 2.269085e+11 
1.610000e+02 2.254165e+11 
1.620000e+02 2.237437e+11 
1.630000e+02 2.225580e+11 
1.640000e+02 2.214840e+11 
1.650000e+02 2.202510e+11 
1.660000e+02 2.194548e+11 
1.670000e+02 2.183326e+11 
1.680000e+02 2.174318e+11 
1.690000e+02 2.165934e+11 
1.700000e+02 2.158001e+11 
1.710000e+02 2.151801e+11 
1.720000e+02 2.146164e+11 
1.730000e+02 2.137768e+11 
1.740000e+02 2.132385e+11 
1.750000e+02 2.128966e+11 
1.760000e+02 2.124455e+11 
1.770000e+02 2.117117e+11 
1.780000e+02 2.112886e+11 
1.790000e+02 2.109064e+11 
1.800000e+02 2.105449e+11 
1.810000e+02 2.101083e+11 
1.820000e+02 2.096389e+11 
1.830000e+02 2.095300e+11 
1.840000e+02 2.092782e+11 
1.850000e+02 2.090914e+11 
1.860000e+02 2.089556e+11 
1.870000e+02 2.086899e+11 
1.880000e+02 2.085533e+11 
1.890000e+02 2.080393e+11 
1.900000e+02 2.077168e+11 
1.910000e+02 2.074132e+11 
1.920000e+02 2.072696e+11 
1.930000e+02 2.071905e+11 
1.940000e+02 2.070256e+11 
1.950000e+02 2.067973e+11 
1.960000e+02 2.067523e+11 
1.970000e+02 2.067693e+11 
1.980000e+02 2.065556e+11 
1.990000e+02 2.065231e+11 
2.000000e+02 2.062727e+11 
2.010000e+02 2.063654e+11 
2.020000e+02 2.063686e+11 
2.030000e+02 2.060310e+11 
2.040000e+02 2.058512e+11 
2.050000e+02 2.058003e+11 
2.060000e+02 2.056305e+11 
2.070000e+02 2.054866e+11 
2.080000e+02 2.054397e+11 
2.090000e+02 2.050440e+11 
2.100000e+02 2.049373e+11 
2.110000e+02 2.047016e+11 
2.120000e+02 2.045307e+11 
2.130000e+02 2.043088e+11 
2.140000e+02 2.041261e+11 
2.150000e+02 2.041233e+11 
2.160000e+02 2.039389e+11 
2.170000e+02 2.037638e+11 
2.180000e+02 2.035904e+11 
2.190000e+02 2.033004e+11 
2.200000e+02 2.033176e+11 
2.210000e+02 2.029892e+11 
2.220000e+02 2.028023e+11 
2.230000e+02 2.028840e+11 
2.240000e+02 2.028390e+11 
2.250000e+02 2.025366e+11 
2.260000e+02 2.021258e+11 
2.270000e+02 2.018674e+11 
2.280000e+02 2.017854e+11 
2.290000e+02 2.015496e+11 
2.300000e+02 2.013901e+11 
2.310000e+02 2.011171e+11 
2.320000e+02 2.008637e+11 
2.330000e+02 2.007071e+11 
2.340000e+02 2.004351e+11 
2.350000e+02 2.000796e+11 
2.360000e+02 1.996698e+11 
2.370000e+02 1.993580e+11 
2.380000e+02 1.992635e+11 
2.390000e+02 1.989643e+11 
2.400000e+02 1.988496e+11 
2.410000e+02 1.983344e+11 
2.420000e+02 1.981292e+11 
2.430000e+02 1.977617e+11 
2.440000e+02 1.973512e+11 
2.450000e+02 1.970828e+11 
2.460000e+02 1.968381e+11 
2.470000e+02 1.964622e+11 
2.480000e+02 1.960175e+11 
2.490000e+02 1.957888e+11 
2.500000e+02 1.955236e+11 
2.510000e+02 1.950149e+11 
2.520000e+02 1.946916e+11 
2.530000e+02 1.944102e+11 
2.540000e+02 1.939693e+11 
2.550000e+02 1.936641e+11 
2.560000e+02 1.932858e+11 
2.570000e+02 1.927638e+11 
2.580000e+02 1.924112e+11 
2.590000e+02 1.920332e+11 
2.600000e+02 1.915228e+11 
2.610000e+02 1.912409e+11 
2.620000e+02 1.907598e+11 
2.630000e+02 1.903258e+11 
2.640000e+02 1.899565e+11 
2.650000e+02 1.893915e+11 
2.660000e+02 1.890454e+11 
2.670000e+02 1.887411e+11 
2.680000e+02 1.882977e+11 
2.690000e+02 1.877176e+11 
2.700000e+02 1.872278e+11 
2.710000e+02 1.867771e+11 
2.720000e+02 1.862559e+11 
2.730000e+02 1.856801e+11 
2.740000e+02 1.849651e+11 
2.750000e+02 1.845968e+11 
2.760000e+02 1.839548e+11 
2.770000e+02 1.833746e+11 
2.780000e+02 1.828523e+11 
2.790000e+02 1.822946e+11 
2.800000e+02 1.817174e+11 
2.810000e+02 1.811688e+11 
2.820000e+02 1.807070e+11 
2.830000e+02 1.800663e+11 
2.840000e+02 1.793441e+11 
2.850000e+02 1.788448e+11 
2.860000e+02 1.782992e+11 
2.870000e+02 1.777722e+11 
2.880000e+02 1.772036e+11 
2.890000e+02 1.765905e+11 
2.900000e+02 1.759425e+11 
2.910000e+02 1.752868e+11 
2.920000e+02 1.746930e+11 
2.930000e+02 1.740176e+11 
2.940000e+02 1.735123e+11 
2.950000e+02 1.729373e+11 
2.960000e+02 1.725213e+11 
2.970000e+02 1.718901e+11 
2.980000e+02 1.711570e+11 
2.990000e+02 1.704123e+11 
3.000000e+02 1.698124e+11 
3.010000e+02 1.693137e+11 
3.020000e+02 1.685992e+11 
3.030000e+02 1.678563e+11 
3.040000e+02 1.671980e+11 
3.050000e+02 1.665622e+11 
3.060000e+02 1.660540e+11 
3.070000e+02 1.654374e+11 
3.080000e+02 1.647561e+11 
3.090000e+02 1.641794e+11 
3.100000e+02 1.635341e+11 
3.110000e+02 1.628358e+11 
3.120000e+02 1.621794e+11 
3.130000e+02 1.614226e+11 
3.140000e+02 1.609505e+11 
3.150000e+02 1.602422e+11 
3.160000e+02 1.595977e+11 
3.170000e+02 1.589923e+11 
3.180000e+02 1.582978e+11 
3.190000e+02 1.579402e+11 
3.200000e+02 1.573495e+11 
3.210000e+02 1.566098e+11 
3.220000e+02 1.560066e+11 
3.230000e+02 1.552790e+11 
3.240000e+02 1.543854e+11 
3.250000e+02 1.537414e+11 
3.260000e+02 1.532620e+11 
3.270000e+02 1.527413e+11 
3.280000e+02 1.520696e+11 
3.290000e+02 1.512212e+11 
3.300000e+02 1.505232e+11 
3.310000e+02 1.500017e+11 
3.320000e+02 1.493985e+11 
3.330000e+02 1.487871e+11 
3.340000e+02 1.480758e+11 
3.350000e+02 1.472846e+11 
3.360000e+02 1.465208e+11 
3.370000e+02 1.458586e+11 
3.380000e+02 1.452954e+11 
3.390000e+02 1.447225e+11 
3.400000e+02 1.440271e+11 
3.410000e+02 1.434119e+11 
3.420000e+02 1.426302e+11 
3.430000e+02 1.418745e+11 
3.440000e+02 1.413754e+11 
3.450000e+02 1.406623e+11 
3.460000e+02 1.398777e+11 
3.470000e+02 1.392638e+11 
3.480000e+02 1.385725e+11 
3.490000e+02 1.378731e+11 
3.500000e+02 1.372515e+11 
3.510000e+02 1.363736e+11 
3.520000e+02 1.357994e+11 
3.530000e+02 1.352934e+11 
3.540000e+02 1.346076e+11 
3.550000e+02 1.339326e+11 
3.560000e+02 1.333133e+11 
3.570000e+02 1.326482e+11 
3.580000e+02 1.319444e+11 
3.590000e+02 1.311356e+11 
3.600000e+02 1.306629e+11 
3.610000e+02 1.301558e+11 
3.620000e+02 1.295104e+11 
3.630000e+02 1.289534e+11 
3.640000e+02 1.284645e+11 
3.650000e+02 1.279030e+11 
3.660000e+02 1.272542e+11 
3.670000e+02 1.265083e+11 
3.680000e+02 1.258386e+11 
3.690000e+02 1.253111e+11 
3.700000e+02 1.247656e+11 
3.710000e+02 1.241742e+11 
3.720000e+02 1.236254e+11 
3.730000e+02 1.229968e+11 
3.740000e+02 1.223842e+11 
3.750000e+02 1.217870e+11 
3.760000e+02 1.212631e+11 
3.770000e+02 1.208396e+11 
3.780000e+02 1.203524e+11 
3.790000e+02 1.196954e+11 
3.800000e+02 1.191580e+11 
3.810000e+02 1.185800e+11 
3.820000e+02 1.180754e+11 
3.830000e+02 1.174109e+11 
3.840000e+02 1.167722e+11 
3.850000e+02 1.161641e+11 
3.860000e+02 1.155925e+11 
3.870000e+02 1.151829e+11 
3.880000e+02 1.144944e+11 
3.890000e+02 1.139965e+11 
3.900000e+02 1.133152e+11 
3.910000e+02 1.128322e+11 
3.920000e+02 1.124050e+11 
3.930000e+02 1.117752e+11 
3.940000e+02 1.112091e+11 
3.950000e+02 1.108055e+11 
3.960000e+02 1.103695e+11 
3.970000e+02 1.098718e+11 
3.980000e+02 1.093864e+11 
3.990000e+02 1.089031e+11 
4.000000e+02 1.085355e+11 
4.010000e+02 1.083061e+11 
4.020000e+02 1.080439e+11 
4.030000e+02 1.076786e+11 
4.040000e+02 1.071723e+11 
4.050000e+02 1.069002e+11 
4.060000e+02 1.067400e+11 
4.070000e+02 1.065926e+11 
4.080000e+02 1.064870e+11 
4.090000e+02 1.065305e+11 
4.100000e+02 1.065035e+11 
4.110000e+02 1.065146e+11 
4.120000e+02 1.066229e+11 
4.130000e+02 1.067416e+11 
4.140000e+02 1.071075e+11 
4.150000e+02 1.081181e+11 
4.160000e+02 1.094642e+11 
4.170000e+02 1.116111e+11 
4.180000e+02 1.160638e+11 
4.190000e+02 1.228762e+11 
